0.07998 0.00000 0
0.16921 0.00213 0
0.07037 0.00177 0
0.04757 0.00179 0
0.12735 0.00641 0
0.15463 0.00973 0
0.13329 0.01007 0
0.10807 0.00953 0
0.09933 0.01002 0
0.06969 0.00792 0
0.17669 0.02232 0
0.12334 0.01716 0
0.15024 0.02283 0
0.08687 0.01432 0
0.10151 0.01805 0
0.09410 0.01795 0
0.17386 0.03543 0
0.16427 0.03564 0
0.10615 0.02443 0
0.13833 0.03367 0
0.09080 0.02331 0
0.16535 0.04468 0
0.12833 0.03641 0
0.14028 0.04171 0
0.06109 0.01900 0
0.14976 0.04866 0
0.11404 0.03865 0
0.14872 0.05249 0
0.08900 0.03267 0
0.18037 0.06881 0
0.11551 0.04574 0
0.10965 0.04502 0
0.10517 0.04473 0
0.13934 0.06134 0
0.17883 0.08142 0
0.13741 0.06466 0
0.14340 0.06969 0
0.08675 0.04352 0
0.13061 0.06759 0
0.13354 0.07124 0
0.14925 0.08205 0
0.11287 0.06391 0
0.11872 0.06921 0
0.12600 0.07559 0
0.12791 0.07894 0
0.12229 0.07761 0
0.15345 0.10011 0
0.13560 0.09091 0
0.09619 0.06626 0
0.12652 0.08952 0
0.11053 0.08031 0
0.13110 0.09779 0
0.16893 0.12935 0
0.15659 0.12305 0
0.07738 0.06240 0
0.12321 0.10193 0
0.10207 0.08663 0
0.13576 0.11818 0
0.13552 0.12100 0
0.18752 0.17171 0
0.13039 0.12245 0
0.18024 0.17357 0
0.10618 0.10486 0
0.12840 0.13003 0
0.08874 0.09215 0
0.07123 0.07585 0
0.09718 0.10613 0
0.10315 0.11552 0
0.06796 0.07807 0
0.08638 0.10178 0
0.10497 0.12689 0
0.12662 0.15704 0
0.11844 0.15073 0
0.09756 0.12742 0
0.08748 0.11728 0
0.11335 0.15602 0
0.08800 0.12438 0
0.10331 0.14998 0
0.07652 0.11413 0
0.10161 0.15576 0
0.11663 0.18378 0
0.09726 0.15760 0
0.08747 0.14581 0
0.13087 0.22449 0
0.06685 0.11806 0
0.07566 0.13763 0
0.10486 0.19655 0
0.08850 0.17103 0
0.12089 0.24099 0
0.06928 0.14255 0
0.08193 0.17411 0
0.06271 0.13772 0
0.08048 0.18281 0
0.08400 0.19752 0
0.06534 0.15915 0
0.07515 0.18981 0
0.06648 0.17427 0
0.08183 0.22288 0
0.05605 0.15881 0
0.07018 0.20711 0
0.06725 0.20699 0
0.05954 0.19141 0
0.04844 0.16292 0
0.05253 0.18515 0
0.05561 0.20582 0
0.04935 0.19222 0
0.03619 0.14866 0
0.05078 0.22066 0
0.04711 0.21716 0
0.03279 0.16090 0
0.04002 0.20977 0
0.02890 0.16260 0
0.03339 0.20256 0
0.03157 0.20774 0
0.02248 0.16157 0
0.02497 0.19763 0
0.02195 0.19324 0
0.02201 0.21817 0
0.01907 0.21622 0
0.01831 0.24232 0
0.01636 0.26011 0
0.01024 0.20354 0
0.00970 0.25707 0
0.00489 0.19465 0
0.00281 0.22374 0
0.00000 0.24967 0
-0.00319 0.25422 0
-0.00504 0.20040 0
-0.00858 0.22752 0
-0.01216 0.24163 0
-0.01231 0.19560 0
-0.02108 0.27909 0
-0.02017 0.22872 0
-0.01884 0.18674 0
-0.03218 0.28331 0
-0.02862 0.22657 0
-0.03265 0.23467 0
-0.03558 0.23412 0
-0.03621 0.21969 0
-0.03234 0.18194 0
-0.05612 0.29417 0
-0.03726 0.18279 0
-0.06107 0.28153 0
-0.04736 0.20579 0
-0.04879 0.20045 0
-0.06354 0.24745 0
-0.09296 0.34405 0
-0.06746 0.23778 0
-0.05596 0.18821 0
-0.06971 0.22408 0
-0.07735 0.23807 0
-0.09392 0.27715 0
-0.09006 0.25518 0
-0.06699 0.18247 0
-0.08690 0.22782 0
-0.10954 0.27667 0
-0.10916 0.26589 0
-0.09019 0.21206 0
-0.09168 0.20827 0
-0.12473 0.27396 0
-0.07637 0.16229 0
-0.14107 0.29026 0
-0.13128 0.26170 0
-0.08769 0.16946 0
-0.15171 0.28436 0
-0.09645 0.17545 0
-0.12209 0.21563 0
-0.09758 0.16738 0
-0.13774 0.22961 0
-0.15035 0.24362 0
-0.12838 0.20230 0
-0.15493 0.23748 0
-0.15856 0.23650 0
-0.14527 0.21090 0
-0.12001 0.16962 0
-0.15304 0.21064 0
-0.18790 0.25190 0
-0.17817 0.23270 0
-0.14903 0.18965 0
-0.14205 0.17617 0
-0.12505 0.15116 0
-0.13307 0.15680 0
-0.18456 0.21201 0
-0.20713 0.23199 0
-0.16862 0.18415 0
-0.16947 0.18046 0
-0.18037 0.18730 0
-0.19398 0.19643 0
-0.16715 0.16506 0
-0.20417 0.19662 0
-0.22798 0.21409 0
-0.21457 0.19648 0
-0.21025 0.18772 0
-0.26136 0.22752 0
-0.18939 0.16072 0
-0.17987 0.14880 0
-0.17399 0.14029 0
-0.21952 0.17250 0
-0.18355 0.14053 0
-0.25622 0.19112 0
-0.28806 0.20929 0
-0.30048 0.21260 0
-0.23513 0.16197 0
-0.26351 0.17667 0
-0.24725 0.16130 0
-0.20265 0.12861 0
-0.25200 0.15552 0
-0.25824 0.15492 0
-0.30047 0.17516 0
-0.26813 0.15183 0
-0.26169 0.14387 0
-0.22381 0.11940 0
-0.24033 0.12436 0
-0.32101 0.16103 0
-0.25585 0.12435 0
-0.28905 0.13602 0
-0.29030 0.13217 0
-0.25942 0.11420 0
-0.29804 0.12676 0
-0.23193 0.09522 0
-0.31363 0.12417 0
-0.35247 0.13446 0
-0.29966 0.11002 0
-0.32166 0.11353 0
-0.25710 0.08713 0
-0.24916 0.08096 0
-0.34006 0.10579 0
-0.34046 0.10124 0
-0.29904 0.08485 0
-0.29364 0.07934 0
-0.34478 0.08852 0
-0.29389 0.07153 0
-0.29068 0.06689 0
-0.31190 0.06766 0
-0.26621 0.05426 0
-0.29438 0.05616 0
-0.38866 0.06909 0
-0.36380 0.05997 0
-0.39281 0.05969 0
-0.30528 0.04247 0
-0.29246 0.03695 0
-0.27466 0.03120 0
-0.39693 0.04004 0
-0.36282 0.03200 0
-0.33673 0.02544 0
-0.31828 0.02002 0
-0.33774 0.01699 0
-0.29303 0.01105 0
-0.34083 0.00857 0
-0.35233 0.00443 0
-0.33322 0.00000 0
-0.35195 -0.00442 0
-0.32129 -0.00808 0
-0.33299 -0.01256 0
-0.31870 -0.01603 0
-0.35713 -0.02247 0
-0.31498 -0.02379 0
-0.33305 -0.02937 0
-0.37436 -0.03776 0
-0.31223 -0.03546 0
-0.40366 -0.05099 0
-0.31056 -0.04320 0
-0.37838 -0.05749 0
-0.30542 -0.05034 0
-0.35311 -0.06277 0
-0.29896 -0.05703 0
-0.34228 -0.06976 0
-0.34115 -0.07401 0
-0.34620 -0.07967 0
-0.44246 -0.10770 0
-0.32298 -0.08293 0
-0.35359 -0.09554 0
-0.33801 -0.09590 0
-0.35598 -0.10585 0
-0.35336 -0.10992 0
-0.33458 -0.10871 0
-0.34165 -0.11578 0
-0.30065 -0.10611 0
-0.33889 -0.12442 0
-0.30790 -0.11745 0
-0.33085 -0.13099 0
-0.31595 -0.12971 0
-0.28642 -0.12181 0
-0.35433 -0.15598 0
-0.29123 -0.13260 0
-0.31012 -0.14593 0
-0.30095 -0.14626 0
-0.34780 -0.17447 0
-0.35152 -0.18190 0
-0.31603 -0.16860 0
-0.29273 -0.16093 0
-0.29785 -0.16866 0
-0.33476 -0.19515 0
-0.33971 -0.20380 0
-0.25966 -0.16024 0
-0.37057 -0.23517 0
-0.30973 -0.20207 0
-0.27330 -0.18324 0
-0.33594 -0.23140 0
-0.27526 -0.19475 0
-0.29006 -0.21074 0
-0.31850 -0.23757 0
-0.30254 -0.23165 0
-0.30408 -0.23895 0
-0.29809 -0.24036 0
-0.32465 -0.26858 0
-0.31985 -0.27145 0
-0.29716 -0.25868 0
-0.27496 -0.24550 0
-0.29312 -0.26840 0
-0.25593 -0.24034 0
-0.25219 -0.24286 0
-0.28703 -0.28344 0
-0.28292 -0.28649 0
-0.27701 -0.28766 0
-0.26922 -0.28668 0
-0.27271 -0.29782 0
-0.24123 -0.27018 0
-0.29719 -0.34140 0
-0.30931 -0.36447 0
-0.29583 -0.35759 0
-0.27915 -0.34620 0
-0.28321 -0.36042 0
-0.24023 -0.31375 0
-0.21897 -0.29356 0
-0.27030 -0.37203 0
-0.24841 -0.35110 0
-0.20955 -0.30422 0
-0.20679 -0.30843 0
-0.21966 -0.33670 0
-0.17870 -0.28159 0
-0.20963 -0.33968 0
-0.22270 -0.37123 0
-0.22928 -0.39330 0
-0.17485 -0.30880 0
-0.19657 -0.35756 0
-0.18927 -0.35476 0
-0.19689 -0.38049 0
-0.18452 -0.36783 0
-0.17017 -0.35015 0
-0.18713 -0.39766 0
-0.15825 -0.34758 0
-0.14140 -0.32121 0
-0.15923 -0.37440 0
-0.13961 -0.34008 0
-0.14209 -0.35887 0
-0.14215 -0.37265 0
-0.14381 -0.39171 0
-0.14930 -0.42303 0
-0.12985 -0.38318 0
-0.12406 -0.38182 0
-0.13177 -0.42359 0
-0.12470 -0.41937 0
-0.11992 -0.42267 0
-0.10261 -0.37974 0
-0.10770 -0.41947 0
-0.08923 -0.36661 0
-0.08506 -0.36961 0
-0.08799 -0.40561 0
-0.07744 -0.37996 0
-0.07401 -0.38796 0
-0.08219 -0.46234 0
-0.06249 -0.37913 0
-0.06952 -0.45753 0
-0.05754 -0.41362 0
-0.05691 -0.45046 0
-0.04929 -0.43399 0
-0.05019 -0.49761 0
-0.04041 -0.45817 0
-0.03598 -0.47633 0
-0.02664 -0.42345 0
-0.02599 -0.51655 0
-0.01681 -0.44567 0
-0.01013 -0.40301 0
-0.00646 -0.51432 0
-0.00000 -0.37205 0
0.00575 -0.45761 0
0.01036 -0.41210 0
0.01608 -0.42631 0
0.02372 -0.47146 0
0.03169 -0.50365 0
0.03683 -0.48758 0
0.03245 -0.36796 0
0.03788 -0.37557 0
0.05911 -0.52039 0
0.05836 -0.46197 0
0.06070 -0.43631 0
0.06274 -0.41288 0
0.06832 -0.41448 0
0.07896 -0.44417 0
0.08269 -0.43346 0
0.07940 -0.38958 0
0.10084 -0.46482 0
0.10719 -0.46579 0
0.10701 -0.43965 0
0.12679 -0.49381 0
0.12180 -0.45078 0
0.13416 -0.47286 0
0.14161 -0.47624 0
0.12993 -0.41768 0
0.15600 -0.48013 0
0.13386 -0.39502 0
0.17386 -0.49260 0
0.14688 -0.40008 0
0.15755 -0.41301 0
0.15301 -0.38646 0
0.16841 -0.41023 0
0.19943 -0.46892 0
0.21145 -0.48033 0
0.22959 -0.50425 0
0.22926 -0.48720 0
0.19304 -0.39719 0
0.18815 -0.37507 0
0.22641 -0.43754 0
0.23232 -0.43546 0
0.23277 -0.42341 0
0.23099 -0.40795 0
0.24614 -0.42223 0
0.23783 -0.39645 0
0.23227 -0.37636 0
0.30507 -0.48072 0
0.24977 -0.38285 0
0.26722 -0.39856 0
0.24490 -0.35553 0
0.28998 -0.40986 0
0.28808 -0.39651 0
0.28510 -0.38221 0
0.30315 -0.39593 0
0.28953 -0.36845 0
0.33132 -0.41091 0
0.31406 -0.37964 0
0.32784 -0.38631 0
0.33174 -0.38108 0
0.35858 -0.40162 0
0.33055 -0.36099 0
0.35476 -0.37778 0
0.34054 -0.35363 0
0.36037 -0.36492 0
0.37617 -0.37147 0
0.36497 -0.35146 0
0.38309 -0.35975 0
0.39108 -0.35810 0
0.36056 -0.32192 0
0.38147 -0.33207 0
0.37109 -0.31493 0
0.40239 -0.33289 0
0.36053 -0.29070 0
0.41015 -0.32230 0
0.41088 -0.31460 0
0.40861 -0.30479 0
0.41329 -0.30028 0
0.44286 -0.31333 0
0.37538 -0.25857 0
0.45125 -0.30254 0
0.39808 -0.25970 0
0.45608 -0.28944 0
0.41517 -0.25621 0
0.44128 -0.26473 0
0.46948 -0.27368 0
0.46537 -0.26351 0
0.43572 -0.23954 0
0.45168 -0.24097 0
0.44967 -0.23269 0
0.45782 -0.22966 0
0.48813 -0.23724 0
0.50814 -0.23911 0
0.48353 -0.22016 0
0.48841 -0.21501 0
0.45531 -0.19364 0
0.47436 -0.19474 0
0.48946 -0.19379 0
0.50069 -0.19100 0
0.42667 -0.15664 0
0.47533 -0.16776 0
0.51794 -0.17551 0
0.50014 -0.16251 0
0.56754 -0.17655 0
0.53090 -0.15787 0
0.52081 -0.14777 0
0.49462 -0.13365 0
0.51095 -0.13119 0
0.55092 -0.13410 0
0.46404 -0.10679 0
0.53993 -0.11713 0
0.55552 -0.11322 0
0.52767 -0.10066 0
0.50085 -0.08903 0
0.48376 -0.07974 0
0.50482 -0.07671 0
0.55217 -0.07682 0
0.59892 -0.07566 0
0.55647 -0.06321 0
0.59917 -0.06044 0
0.55045 -0.04855 0
0.53001 -0.04004 0
0.48711 -0.03065 0
0.52422 -0.02637 0
0.63241 -0.02385 0
0.55677 -0.01400 0
0.50241 -0.00631 0
0.54260 -0.00000 0
0.54885 0.00690 0
0.50957 0.01281 0
0.61570 0.02322 0
0.58053 0.02921 0
0.52037 0.03274 0
0.56741 0.04286 0
0.56449 0.04978 0
0.59865 0.06039 0
0.63797 0.07246 0
0.55210 0.06975 0
0.51898 0.07220 0
0.53227 0.08088 0
0.60358 0.09949 0
0.60860 0.10819 0
0.63193 0.12055 0
0.49106 0.10009 0
0.53836 0.11679 0
0.55847 0.12852 0
0.60988 0.14845 0
0.50245 0.12901 0
0.54858 0.14822 0
0.53124 0.15073 0
0.58332 0.17345 0
0.56989 0.17728 0
0.54633 0.17751 0
0.55133 0.18683 0
0.55565 0.19611 0
0.45831 0.16826 0
0.57278 0.21849 0
0.51862 0.20534 0
0.57964 0.23796 0
0.53628 0.22808 0
0.56484 0.24866 0
0.50681 0.23075 0
0.52116 0.24524 0
0.51675 0.25115 0
0.48880 0.24520 0
0.47954 0.24815 0
0.51396 0.27420 0
0.53642 0.29490 0
0.50593 0.28647 0
0.50196 0.29262 0
0.52973 0.31779 0
0.49325 0.30440 0
0.48969 0.31076 0
0.50188 0.32742 0
0.54015 0.36215 0
0.50028 0.34460 0
0.55145 0.39016 0
0.48080 0.34932 0
0.45901 0.34238 0
0.48648 0.37248 0
0.48792 0.38340 0
0.44739 0.36074 0
0.43844 0.36271 0
0.44631 0.37877 0
0.43427 0.37804 0
0.44403 0.39645 0
0.40361 0.36958 0
0.41083 0.38580 0
0.44238 0.42601 0
0.42641 0.42108 0
0.45195 0.45767 0
0.40025 0.41563 0
0.43268 0.46076 0
0.34625 0.37813 0
0.40602 0.45475 0
0.36994 0.42497 0
0.37741 0.44471 0
0.37902 0.45815 0
0.37932 0.47043 0
0.37958 0.48306 0
0.34645 0.45248 0
0.36682 0.49178 0
0.39221 0.53983 0
0.38866 0.54933 0
0.35533 0.51585 0
0.35809 0.53410 0
0.33303 0.51048 0
0.33871 0.53373 0
0.33936 0.54990 0
0.30143 0.50246 0
0.32455 0.55674 0
0.29504 0.52105 0
0.30672 0.55793 0
0.29601 0.55484 0
0.30058 0.58087 0
0.27560 0.54940 0
0.29958 0.61641 0
0.28318 0.60179 0
0.26605 0.58434 0
0.24946 0.56668 0
0.25035 0.58863 0
0.25694 0.62587 0
0.24981 0.63094 0
0.24204 0.63451 0
0.21430 0.58370 0
0.22671 0.64235 0
0.21423 0.63219 0
0.21478 0.66101 0
0.19336 0.62157 0
0.16632 0.55933 0
0.16888 0.59522 0
0.15612 0.57781 0
0.17189 0.66946 0
0.16463 0.67636 0
0.14556 0.63252 0
0.13198 0.60837 0
0.13206 0.64795 0
0.10095 0.52918 0
0.11558 0.65019 0
0.11025 0.66886 0
0.09202 0.60557 0
0.09377 0.67407 0
0.07935 0.62808 0
0.07181 0.63220 0
0.06472 0.64164 0
0.05424 0.61497 0
0.04489 0.59420 0
0.04295 0.68260 0
0.03181 0.63234 0
0.02687 0.71251 0
0.01651 0.65682 0
0.00794 0.63192 0
0.00000 0.67576 0
-0.00833 0.66266 0
-0.01879 0.74729 0
-0.02497 0.66193 0
-0.02976 0.59157 0
-0.03853 0.61247 0
-0.05049 0.66833 0
-0.05807 0.65850 0
-0.06655 0.65976 0
-0.07448 0.65570 0
-0.08859 0.70124 0
-0.09338 0.67126 0
-0.09588 0.63101 0
-0.12041 0.73051 0
-0.12426 0.69902 0
-0.14053 0.73667 0
-0.13775 0.67583 0
-0.14741 0.67950 0
-0.14294 0.62114 0
-0.15900 0.65325 0
-0.16326 0.63585 0
-0.17939 0.66394 0
-0.17242 0.60769 0
-0.21227 0.71386 0
-0.22754 0.73145 0
-0.21432 0.65960 0
-0.22682 0.66933 0
-0.24057 0.68162 0
-0.23421 0.63795 0
-0.26057 0.68307 0
-0.26922 0.67997 0
-0.25572 0.62290 0
-0.27999 0.65833 0
-0.27630 0.62764 0
-0.27576 0.60566 0
-0.30289 0.64368 0
-0.31453 0.64718 0
-0.28709 0.57231 0
-0.31237 0.60365 0
-0.30854 0.57833 0
-0.35800 0.65120 0
-0.35242 0.62239 0
-0.40819 0.70021 0
-0.34995 0.58334 0
-0.39912 0.64674 0
-0.36760 0.57924 0
-0.39442 0.60458 0
-0.40894 0.60995 0
-0.39395 0.57191 0
-0.37969 0.53666 0
-0.42000 0.57808 0
-0.41869 0.56131 0
-0.46735 0.61038 0
-0.44920 0.57165 0
-0.44539 0.55237 0
-0.44833 0.54194 0
-0.39331 0.46345 0
-0.50774 0.58327 0
-0.49515 0.55457 0
-0.51410 0.56144 0
-0.49807 0.53039 0
-0.47768 0.49603 0
-0.48037 0.48645 0
-0.52744 0.52085 0
-0.49376 0.47549 0
-0.55420 0.52043 0
-0.51583 0.47234 0
-0.54503 0.48663 0
-0.58748 0.51141 0
-0.46865 0.39772 0
-0.57306 0.47408 0
-0.55623 0.44850 0
-0.63719 0.50070 0
-0.57720 0.44194 0
-0.59573 0.44437 0
-0.64830 0.47102 0
-0.63132 0.44667 0
-0.61609 0.42437 0
-0.55600 0.37277 0
-0.58282 0.38022 0
-0.61739 0.39181 0
-0.60940 0.37608 0
-0.64045 0.38422 0
-0.68277 0.39802 0
-0.71123 0.40272 0
-0.65901 0.36230 0
-0.68324 0.36451 0
-0.68085 0.35232 0
-0.67384 0.33802 0
-0.66039 0.32095 0
-0.73201 0.34446 0
-0.66908 0.30463 0
-0.67269 0.29613 0
-0.71496 0.30407 0
-0.64998 0.26684 0
-0.72442 0.28682 0
-0.73351 0.27981 0
-0.72089 0.26467 0
-0.72121 0.25454 0
-0.74926 0.25390 0
-0.66953 0.21754 0
-0.77437 0.24089 0
-0.71424 0.21238 0
-0.71611 0.20318 0
-0.71929 0.19435 0
-0.72165 0.18529 0
-0.74920 0.18236 0
-0.76686 0.17648 0
-0.72091 0.15639 0
-0.74519 0.15188 0
-0.73474 0.14016 0
-0.74202 0.13191 0
-0.73561 0.12125 0
-0.77645 0.11798 0
-0.80125 0.11147 0
-0.73760 0.09318 0
-0.79758 0.09059 0
-0.72210 0.07284 0
-0.82323 0.07260 0
-0.82055 0.06199 0
-0.80693 0.05077 0
-0.82739 0.04162 0
-0.81050 0.03057 0
-0.83298 0.02094 0
-0.88877 0.01117 0
-0.85596 0.00000 0
-0.84029 -0.01056 0
-0.78339 -0.01969 0
-0.73794 -0.02783 0
-0.74080 -0.03727 0
-0.73291 -0.04611 0
-0.81862 -0.06184 0
-0.71188 -0.06278 0
-0.80500 -0.08120 0
-0.83787 -0.09517 0
-0.77180 -0.09750 0
-0.78068 -0.10861 0
-0.75621 -0.11491 0
-0.77546 -0.12782 0
-0.79126 -0.14066 0
-0.75080 -0.14322 0
-0.78828 -0.16066 0
-0.76681 -0.16635 0
-0.77738 -0.17890 0
-0.78754 -0.19169 0
-0.83997 -0.21567 0
-0.69639 -0.18816 0
-0.79221 -0.22477 0
-0.77057 -0.22913 0
-0.73123 -0.22747 0
-0.79042 -0.25682 0
-0.73286 -0.24835 0
-0.73629 -0.25987 0
-0.73724 -0.27067 0
-0.68065 -0.25964 0
-0.80684 -0.31945 0
-0.73309 -0.30096 0
-0.69664 -0.29628 0
-0.74081 -0.32612 0
-0.81803 -0.37245 0
-0.70137 -0.33004 0
-0.75695 -0.36788 0
-0.73080 -0.36660 0
-0.71584 -0.37042 0
-0.74309 -0.39644 0
-0.69885 -0.38419 0
-0.73956 -0.41876 0
-0.71924 -0.41928 0
-0.71543 -0.42920 0
-0.63720 -0.39323 0
-0.67085 -0.42573 0
-0.68932 -0.44971 0
-0.67775 -0.45440 0
-0.64070 -0.44133 0
-0.68211 -0.48260 0
-0.64817 -0.47092 0
-0.67259 -0.50170 0
-0.66863 -0.51195 0
-0.62789 -0.49339 0
-0.60887 -0.49094 0
-0.61255 -0.50674 0
-0.63677 -0.54040 0
-0.60984 -0.53087 0
-0.60326 -0.53862 0
-0.57995 -0.53105 0
-0.62230 -0.58438 0
-0.58461 -0.56298 0
-0.63922 -0.63124 0
-0.61429 -0.62206 0
-0.58350 -0.60592 0
-0.57271 -0.60987 0
-0.61119 -0.66747 0
-0.53685 -0.60127 0
-0.55435 -0.63681 0
-0.53212 -0.62701 0
-0.54831 -0.66280 0
-0.49777 -0.61733 0
-0.57285 -0.72901 0
-0.51921 -0.67812 0
-0.49414 -0.66245 0
-0.50778 -0.69889 0
-0.49033 -0.69303 0
-0.44311 -0.64329 0
-0.46580 -0.69476 0
-0.45051 -0.69055 0
-0.47246 -0.74448 0
-0.45674 -0.74010 0
-0.44649 -0.74427 0
-0.42049 -0.72131 0
-0.40568 -0.71646 0
-0.39165 -0.71241 0
-0.37925 -0.71088 0
-0.36788 -0.71092 0
-0.36251 -0.72266 0
-0.37002 -0.76136 0
-0.37734 -0.80189 0
-0.35538 -0.78054 0
-0.36757 -0.83498 0
-0.31769 -0.74698 0
-0.34501 -0.84039 0
-0.27682 -0.69918 0
-0.31175 -0.81724 0
-0.30747 -0.83749 0
-0.30570 -0.86616 0
-0.29586 -0.87308 0
-0.27184 -0.83665 0
-0.26187 -0.84182 0
-0.24610 -0.82763 0
-0.24309 -0.85676 0
-0.23097 -0.85483 0
-0.21896 -0.85279 0
-0.22961 -0.94333 0
-0.20636 -0.89671 0
-0.18187 -0.83835 0
-0.16068 -0.78836 0
-0.16235 -0.85107 0
-0.14219 -0.79986 0
-0.14440 -0.87603 0
-0.13142 -0.86489 0
-0.11778 -0.84662 0
-0.10509 -0.83184 0
-0.09951 -0.87613 0
-0.09181 -0.91017 0
-0.07043 -0.79857 0
-0.06654 -0.88090 0
-0.05464 -0.86849 0
-0.04554 -0.90514 0
-0.03071 -0.81428 0
-0.02138 -0.85032 0
-0.01090 -0.86725 0
-0.00000 -0.85310 0
0.01100 -0.87505 0
0.02380 -0.94666 0
0.03456 -0.91640 0
0.04445 -0.88349 0
0.05217 -0.82917 0
0.06680 -0.88431 0
0.07882 -0.89372 0
0.09340 -0.92589 0
0.10634 -0.93627 0
0.11086 -0.87758 0
0.12074 -0.86790 0
0.13358 -0.87912 0
0.13973 -0.84772 0
0.15457 -0.86954 0
0.17251 -0.90432 0
0.19552 -0.95929 0
0.20014 -0.92255 0
0.20648 -0.89723 0
0.20916 -0.85930 0
0.21769 -0.84785 0
0.22481 -0.83201 0
0.23806 -0.83904 0
0.25764 -0.86643 0
0.27975 -0.89928 0
0.29935 -0.92131 0
0.29861 -0.88120 0
0.32225 -0.91304 0
0.30544 -0.83196 0
0.32049 -0.84016 0
0.34558 -0.87285 0
0.35654 -0.86847 0
0.34935 -0.82143 0
0.37660 -0.85549 0
0.38646 -0.84879 0
0.38721 -0.82287 0
0.38335 -0.78878 0
0.43721 -0.87156 0
0.44078 -0.85180 0
0.39064 -0.73221 0
0.40698 -0.74029 0
0.46131 -0.81470 0
0.49139 -0.84293 0
0.46009 -0.76694 0
0.46083 -0.74673 0
0.50371 -0.79373 0
0.50919 -0.78050 0
0.52435 -0.78208 0
0.50660 -0.73545 0
0.52512 -0.74220 0
0.58504 -0.80523 0
0.57187 -0.76667 0
0.60624 -0.79178 0
0.57249 -0.72855 0
0.60483 -0.75010 0
0.58986 -0.71302 0
0.57673 -0.67958 0
0.60537 -0.69542 0
0.63484 -0.71103 0
0.61689 -0.67369 0
0.66186 -0.70481 0
0.62164 -0.64553 0
0.63364 -0.64166 0
0.65454 -0.64637 0
0.65844 -0.63407 0
0.70014 -0.65747 0
0.66701 -0.61077 0
0.73970 -0.66044 0
0.69503 -0.60503 0
0.77511 -0.65780 0
0.76277 -0.63102 0
0.78505 -0.63300 0
0.74842 -0.58811 0
0.77609 -0.59423 0
0.73824 -0.55067 0
0.76876 -0.55853 0
0.83171 -0.58845 0
0.75077 -0.51715 0
0.77645 -0.52057 0
0.82490 -0.53816 0
0.77986 -0.49492 0
0.80226 -0.49510 0
0.76622 -0.45966 0
0.82669 -0.48192 0
0.82900 -0.46941 0
0.83373 -0.45835 0
0.85941 -0.45849 0
0.85146 -0.44060 0
0.87631 -0.43959 0
0.90426 -0.43948 0
0.88436 -0.41615 0
0.87327 -0.39761 0
0.85470 -0.37626 0
0.87916 -0.37390 0
0.87807 -0.36048 0
0.92142 -0.36481 0
0.95901 -0.36583 0
0.91796 -0.33702 0
0.89606 -0.31626 0
0.92106 -0.31212 0
0.92654 -0.30105 0
0.95639 -0.29752 0
0.89647 -0.26657 0
0.91525 -0.25968 0
0.96595 -0.26099 0
0.99552 -0.25561 0
1.02521 -0.24954 0
0.90058 -0.20725 0
0.97202 -0.21087 0
0.93552 -0.19067 0
0.98340 -0.18759 0
0.93456 -0.16613 0
1.01624 -0.16751 0
0.96340 -0.14639 0
0.92472 -0.12864 0
0.92573 -0.11695 0
1.05178 -0.11946 0
0.95566 -0.09640 0
0.99833 -0.08804 0
1.01376 -0.07658 0
1.02950 -0.06477 0
1.02388 -0.05151 0
0.94400 -0.03560 0
1.02531 -0.02577 0
1.07780 -0.01354 0
0.99441 -0.00000 0
-0.12570 0.00000 1
-0.10827 -0.00136 1
-0.10370 -0.00261 1
-0.16251 -0.00613 1
-0.09452 -0.00476 1
-0.10378 -0.00653 1
-0.13918 -0.01051 1
-0.11191 -0.00987 1
-0.14456 -0.01458 1
-0.06104 -0.00693 1
-0.04053 -0.00512 1
-0.09172 -0.01276 1
-0.17922 -0.02723 1
-0.16190 -0.02669 1
-0.11968 -0.02127 1
-0.17848 -0.03405 1
-0.20216 -0.04120 1
-0.06339 -0.01375 1
-0.14516 -0.03341 1
-0.12135 -0.02954 1
-0.14810 -0.03803 1
-0.13832 -0.03737 1
-0.20376 -0.05781 1
-0.15149 -0.04505 1
-0.18677 -0.05810 1
-0.15245 -0.04954 1
-0.15767 -0.05343 1
-0.15541 -0.05485 1
-0.15274 -0.05608 1
-0.17807 -0.06793 1
-0.09198 -0.03642 1
-0.12903 -0.05297 1
-0.16680 -0.07094 1
-0.17317 -0.07623 1
-0.13649 -0.06214 1
-0.06458 -0.03039 1
-0.15233 -0.07403 1
-0.11825 -0.05932 1
-0.14419 -0.07461 1
-0.09147 -0.04880 1
-0.12548 -0.06899 1
-0.07963 -0.04509 1
-0.12766 -0.07442 1
-0.07690 -0.04613 1
-0.02353 -0.01452 1
-0.08683 -0.05510 1
-0.15512 -0.10120 1
-0.15217 -0.10202 1
-0.05856 -0.04034 1
-0.14697 -0.10398 1
-0.13944 -0.10131 1
-0.08100 -0.06042 1
-0.16793 -0.12858 1
-0.11661 -0.09163 1
-0.13531 -0.10910 1
-0.14688 -0.12151 1
-0.11996 -0.10180 1
-0.09015 -0.07848 1
-0.12743 -0.11377 1
-0.06141 -0.05623 1
-0.08470 -0.07954 1
-0.14647 -0.14105 1
-0.14371 -0.14192 1
-0.13122 -0.13287 1
-0.12394 -0.12870 1
-0.11359 -0.12096 1
-0.13076 -0.14280 1
-0.13758 -0.15410 1
-0.11514 -0.13227 1
-0.12404 -0.14616 1
-0.09411 -0.11376 1
-0.11626 -0.14419 1
-0.11804 -0.15022 1
-0.11669 -0.15240 1
-0.09532 -0.12779 1
-0.09736 -0.13401 1
-0.10831 -0.15308 1
-0.09950 -0.14444 1
-0.10858 -0.16195 1
-0.10330 -0.15833 1
-0.13668 -0.21538 1
-0.09428 -0.15278 1
-0.09801 -0.16338 1
-0.07544 -0.12940 1
-0.09158 -0.16174 1
-0.06679 -0.12149 1
-0.08766 -0.16431 1
-0.10093 -0.19505 1
-0.09093 -0.18127 1
-0.05487 -0.11291 1
-0.07051 -0.14984 1
-0.08996 -0.19757 1
-0.07824 -0.17774 1
-0.08551 -0.20107 1
-0.09793 -0.23853 1
-0.07195 -0.18172 1
-0.09195 -0.24106 1
-0.07913 -0.21553 1
-0.08115 -0.22992 1
-0.06108 -0.18025 1
-0.04335 -0.13343 1
-0.04028 -0.12949 1
-0.07882 -0.26507 1
-0.05620 -0.19809 1
-0.04033 -0.14926 1
-0.04012 -0.15625 1
-0.04999 -0.20536 1
-0.04695 -0.20401 1
-0.04927 -0.22710 1
-0.03566 -0.17498 1
-0.05203 -0.27273 1
-0.02718 -0.15288 1
-0.03931 -0.23848 1
-0.03515 -0.23134 1
-0.02547 -0.18310 1
-0.02344 -0.18553 1
-0.01801 -0.15858 1
-0.02319 -0.22990 1
-0.02340 -0.26535 1
-0.01766 -0.23381 1
-0.01128 -0.17933 1
-0.01175 -0.23350 1
-0.00846 -0.22439 1
-0.00648 -0.25781 1
-0.00320 -0.25479 1
-0.00000 -0.24383 1
0.00266 -0.21182 1
0.00419 -0.16649 1
0.00812 -0.21518 1
0.01336 -0.26560 1
0.02063 -0.32794 1
0.02041 -0.27019 1
0.02019 -0.22892 1
0.02414 -0.23927 1
0.02408 -0.21201 1
0.03172 -0.25105 1
0.02954 -0.21235 1
0.03725 -0.24513 1
0.04412 -0.26769 1
0.04482 -0.25215 1
0.02867 -0.15028 1
0.04509 -0.22123 1
0.04389 -0.20232 1
0.06318 -0.27455 1
0.05748 -0.23614 1
0.07639 -0.29753 1
0.07884 -0.29177 1
0.06950 -0.24494 1
0.07959 -0.26765 1
0.08302 -0.26689 1
0.06117 -0.18827 1
0.07876 -0.23243 1
0.08423 -0.23864 1
0.05147 -0.14019 1
0.08151 -0.21367 1
0.09972 -0.25186 1
0.09016 -0.21962 1
0.11063 -0.26012 1
0.07856 -0.17846 1
0.11131 -0.24446 1
0.12990 -0.27605 1
0.11928 -0.24543 1
0.12952 -0.25819 1
0.11201 -0.21646 1
0.11571 -0.21689 1
0.12688 -0.23079 1
0.12200 -0.21546 1
0.15304 -0.26254 1
0.11182 -0.18639 1
0.12793 -0.20730 1
0.15110 -0.23810 1
0.15546 -0.23829 1
0.13367 -0.19938 1
0.16743 -0.24307 1
0.14989 -0.21185 1
0.16532 -0.22754 1
0.16610 -0.22268 1
0.12777 -0.16687 1
0.14614 -0.18598 1
0.16439 -0.20387 1
0.19707 -0.23822 1
0.15915 -0.18753 1
0.20379 -0.23410 1
0.19176 -0.21478 1
0.15365 -0.16780 1
0.21879 -0.23299 1
0.19177 -0.19914 1
0.20943 -0.21208 1
0.15661 -0.15466 1
0.22572 -0.21737 1
0.19983 -0.18765 1
0.25680 -0.23515 1
0.15012 -0.13403 1
0.22713 -0.19772 1
0.21294 -0.18072 1
0.20367 -0.16849 1
0.19612 -0.15814 1
0.20949 -0.16462 1
0.25643 -0.19634 1
0.24557 -0.18318 1
0.23672 -0.17199 1
0.23814 -0.16849 1
0.23592 -0.16251 1
0.22143 -0.14846 1
0.28205 -0.18401 1
0.25297 -0.16054 1
0.29520 -0.18218 1
0.21934 -0.13158 1
0.22858 -0.13325 1
0.30297 -0.17155 1
0.22273 -0.12245 1
0.27314 -0.14572 1
0.24743 -0.12804 1
0.29776 -0.14937 1
0.20203 -0.09819 1
0.28023 -0.13186 1
0.26645 -0.12131 1
0.24459 -0.10767 1
0.25540 -0.10862 1
0.26025 -0.10684 1
0.28433 -0.11257 1
0.34707 -0.13239 1
0.28979 -0.10639 1
0.35175 -0.12415 1
0.32057 -0.10863 1
0.27241 -0.08851 1
0.29106 -0.09054 1
0.25835 -0.07682 1
0.26315 -0.07466 1
0.31318 -0.08462 1
0.27618 -0.07091 1
0.30557 -0.07438 1
0.32160 -0.07401 1
0.33291 -0.07222 1
0.28693 -0.05848 1
0.24136 -0.04604 1
0.32391 -0.05758 1
0.26442 -0.04359 1
0.36752 -0.05585 1
0.30077 -0.04184 1
0.26719 -0.03375 1
0.27080 -0.03076 1
0.35003 -0.03531 1
0.25731 -0.02269 1
0.31459 -0.02376 1
0.31165 -0.01961 1
0.23886 -0.01202 1
0.31141 -0.01175 1
0.31867 -0.00801 1
0.35303 -0.00444 1
0.35046 -0.00000 1
0.35592 0.00447 1
0.36394 0.00915 1
0.33508 0.01264 1
0.42474 0.02137 1
0.37037 0.02330 1
0.30325 0.02291 1
0.35575 0.03137 1
0.30790 0.03106 1
0.40207 0.04567 1
0.35087 0.04433 1
0.36776 0.05116 1
0.33945 0.05158 1
0.35305 0.05819 1
0.35914 0.06384 1
0.31523 0.06013 1
0.40693 0.08294 1
0.43150 0.09361 1
0.34818 0.08013 1
0.38478 0.09366 1
0.35236 0.09047 1
0.33572 0.09071 1
0.31519 0.08943 1
0.39351 0.11701 1
0.35784 0.11132 1
0.40636 0.13204 1
0.37701 0.12776 1
0.33595 0.11857 1
0.37601 0.13805 1
0.32489 0.12393 1
0.35586 0.14090 1
0.34118 0.14007 1
0.32601 0.13865 1
0.32942 0.14502 1
0.27467 0.12506 1
0.35644 0.16773 1
0.30978 0.15055 1
0.33745 0.16928 1
0.40848 0.21137 1
0.35865 0.19134 1
0.29858 0.16414 1
0.33463 0.18948 1
0.29242 0.17047 1
0.31453 0.18869 1
0.35534 0.21929 1
0.26181 0.16615 1
0.28318 0.18475 1
0.32970 0.22105 1
0.25080 0.17276 1
0.34639 0.24508 1
0.26550 0.19290 1
0.26113 0.19478 1
0.31026 0.23756 1
0.27432 0.21556 1
0.26751 0.21570 1
0.32325 0.26742 1
0.27460 0.23304 1
0.25801 0.22460 1
0.26969 0.24079 1
0.34590 0.31673 1
0.27641 0.25957 1
0.22486 0.21654 1
0.29898 0.29525 1
0.27712 0.28063 1
0.27316 0.28366 1
0.28329 0.30167 1
0.26729 0.29190 1
0.23438 0.26250 1
0.26020 0.29890 1
0.26191 0.30862 1
0.29627 0.35813 1
0.24318 0.30159 1
0.28530 0.36307 1
0.25491 0.33293 1
0.26616 0.35683 1
0.20484 0.28194 1
0.19974 0.28231 1
0.20250 0.29398 1
0.22290 0.33246 1
0.20918 0.32063 1
0.21052 0.33172 1
0.21074 0.34149 1
0.22223 0.37044 1
0.19407 0.33291 1
0.22222 0.39245 1
0.19239 0.34995 1
0.19654 0.36840 1
0.19897 0.38450 1
0.17667 0.35219 1
0.17018 0.35016 1
0.17322 0.36810 1
0.18034 0.39608 1
0.13627 0.30955 1
0.15949 0.37500 1
0.17824 0.43416 1
0.15113 0.38170 1
0.12226 0.32050 1
0.14425 0.39291 1
0.14913 0.42255 1
0.13671 0.40342 1
0.13613 0.41896 1
0.13970 0.44908 1
0.12811 0.43082 1
0.11214 0.39524 1
0.09744 0.36061 1
0.11091 0.43197 1
0.09314 0.38265 1
0.09774 0.42470 1
0.09677 0.44609 1
0.09455 0.46392 1
0.08612 0.45147 1
0.08205 0.46157 1
0.06329 0.38398 1
0.06520 0.42909 1
0.06076 0.43678 1
0.05975 0.47300 1
0.04905 0.43184 1
0.04099 0.40632 1
0.03736 0.42367 1
0.03158 0.41800 1
0.02923 0.46462 1
0.02258 0.44891 1
0.01672 0.44324 1
0.01094 0.43519 1
0.00524 0.41681 1
0.00000 0.45746 1
-0.00568 0.45215 1
-0.01033 0.41106 1
-0.01755 0.46539 1
-0.02077 0.41284 1
-0.02860 0.45455 1
-0.03260 0.43151 1
-0.04147 0.47017 1
-0.04071 0.40357 1
-0.05450 0.47986 1
-0.06004 0.47524 1
-0.06337 0.45550 1
-0.06472 0.42595 1
-0.07621 0.46237 1
-0.05634 0.31693 1
-0.09689 0.50791 1
-0.08795 0.43152 1
-0.09875 0.45519 1
-0.10078 0.43790 1
-0.10729 0.44077 1
-0.12998 0.50625 1
-0.12191 0.45118 1
-0.13681 0.48218 1
-0.15563 0.52337 1
-0.14831 0.47674 1
-0.14672 0.45157 1
-0.14248 0.42046 1
-0.13889 0.39353 1
-0.16616 0.45259 1
-0.16070 0.42127 1
-0.19452 0.49130 1
-0.19259 0.46913 1
-0.18548 0.43611 1
-0.19323 0.43895 1
-0.18249 0.40082 1
-0.19403 0.41233 1
-0.20622 0.42432 1
-0.21950 0.43757 1
-0.20192 0.39022 1
-0.23203 0.43492 1
-0.23854 0.43390 1
-0.22156 0.39129 1
-0.22056 0.37836 1
-0.25428 0.42386 1
-0.26923 0.43627 1
-0.23339 0.36776 1
-0.28212 0.43244 1
-0.26905 0.40130 1
-0.28734 0.41715 1
-0.25956 0.36687 1
-0.25009 0.34422 1
-0.27825 0.37303 1
-0.29127 0.38041 1
-0.27800 0.35378 1
-0.31518 0.39089 1
-0.30164 0.36463 1
-0.32870 0.38732 1
-0.33594 0.38591 1
-0.34160 0.38260 1
-0.31792 0.34719 1
-0.35359 0.37654 1
-0.35413 0.36774 1
-0.29955 0.30334 1
-0.33141 0.32727 1
-0.32689 0.31479 1
-0.35117 0.32977 1
-0.39187 0.35883 1
-0.39850 0.35580 1
-0.38248 0.33296 1
-0.36162 0.30690 1
-0.40690 0.33662 1
-0.39355 0.31733 1
-0.41728 0.32790 1
-0.40913 0.31325 1
-0.39945 0.29796 1
-0.42127 0.30607 1
-0.43889 0.31052 1
-0.45071 0.31046 1
-0.44504 0.29838 1
-0.42125 0.27482 1
-0.48114 0.30534 1
-0.43092 0.26594 1
-0.41359 0.24812 1
-0.44708 0.26062 1
-0.40083 0.22696 1
-0.44762 0.24608 1
-0.48848 0.26060 1
-0.48487 0.25090 1
-0.51089 0.25628 1
-0.44801 0.21773 1
-0.49982 0.23520 1
-0.54158 0.24658 1
-0.51366 0.22612 1
-0.48026 0.20425 1
-0.53130 0.21812 1
-0.50325 0.19925 1
-0.49642 0.18936 1
-0.52312 0.19206 1
-0.51517 0.18182 1
-0.54082 0.18327 1
-0.51595 0.16764 1
-0.49402 0.15368 1
-0.51883 0.15428 1
-0.51285 0.14551 1
-0.51241 0.13845 1
-0.48850 0.12542 1
-0.51406 0.12512 1
-0.55431 0.12756 1
-0.52902 0.11477 1
-0.48762 0.09938 1
-0.55513 0.10590 1
-0.55678 0.09898 1
-0.49238 0.08116 1
-0.49862 0.07576 1
-0.54216 0.07542 1
-0.55967 0.07070 1
-0.49050 0.05571 1
-0.56163 0.05665 1
-0.54062 0.04768 1
-0.61196 0.04623 1
-0.55346 0.03482 1
-0.58552 0.02946 1
-0.51234 0.01932 1
-0.58573 0.01472 1
-0.57216 0.00719 1
-0.56618 0.00000 1
-0.57040 -0.00717 1
-0.52417 -0.01318 1
-0.59957 -0.02261 1
-0.51434 -0.02588 1
-0.57205 -0.03599 1
-0.51453 -0.03887 1
-0.55018 -0.04852 1
-0.58367 -0.05888 1
-0.56631 -0.06432 1
-0.61310 -0.07745 1
-0.56340 -0.07838 1
-0.52176 -0.07928 1
-0.56497 -0.09313 1
-0.54812 -0.09744 1
-0.57347 -0.10940 1
-0.55405 -0.11292 1
-0.60722 -0.13173 1
-0.52347 -0.12047 1
-0.58454 -0.14228 1
-0.53584 -0.13758 1
-0.56231 -0.15193 1
-0.56331 -0.15983 1
-0.54217 -0.16122 1
-0.54797 -0.17046 1
-0.54393 -0.17674 1
-0.59493 -0.20161 1
-0.52250 -0.18441 1
-0.51854 -0.19037 1
-0.56665 -0.21616 1
-0.54169 -0.21447 1
-0.52560 -0.21578 1
-0.50801 -0.21606 1
-0.62927 -0.27702 1
-0.55073 -0.25075 1
-0.56943 -0.26795 1
-0.50291 -0.24441 1
-0.54816 -0.27498 1
-0.53420 -0.27643 1
-0.52046 -0.27767 1
-0.54421 -0.29918 1
-0.55521 -0.31438 1
-0.48331 -0.28175 1
-0.46135 -0.27677 1
-0.50876 -0.31397 1
-0.49729 -0.31559 1
-0.54448 -0.35521 1
-0.47534 -0.31870 1
-0.51921 -0.35764 1
-0.45356 -0.32090 1
-0.47530 -0.34533 1
-0.48413 -0.36112 1
-0.48242 -0.36937 1
-0.47033 -0.36958 1
-0.47588 -0.38372 1
-0.44626 -0.36917 1
-0.43204 -0.36666 1
-0.42295 -0.36818 1
-0.44563 -0.39788 1
-0.46365 -0.42456 1
-0.46819 -0.43966 1
-0.41155 -0.39632 1
-0.49927 -0.49303 1
-0.48436 -0.49049 1
-0.40352 -0.41903 1
-0.44976 -0.47895 1
-0.38114 -0.41624 1
-0.41480 -0.46458 1
-0.42797 -0.49163 1
-0.41887 -0.49356 1
-0.39821 -0.48135 1
-0.41103 -0.50976 1
-0.38866 -0.49461 1
-0.39507 -0.51598 1
-0.37557 -0.50350 1
-0.33559 -0.46190 1
-0.35629 -0.50358 1
-0.32070 -0.46557 1
-0.35561 -0.53040 1
-0.34545 -0.52951 1
-0.33438 -0.52690 1
-0.33312 -0.53979 1
-0.31476 -0.52468 1
-0.30396 -0.52142 1
-0.25261 -0.44612 1
-0.27752 -0.50481 1
-0.29773 -0.55807 1
-0.32495 -0.62796 1
-0.27074 -0.53972 1
-0.27813 -0.57228 1
-0.27200 -0.57802 1
-0.26981 -0.59258 1
-0.25415 -0.57733 1
-0.25612 -0.60221 1
-0.24387 -0.59402 1
-0.24002 -0.60621 1
-0.22276 -0.58395 1
-0.23645 -0.64403 1
-0.21331 -0.60438 1
-0.20173 -0.59531 1
-0.20483 -0.63041 1
-0.19520 -0.62748 1
-0.19718 -0.66311 1
-0.17752 -0.62569 1
-0.18131 -0.67105 1
-0.16119 -0.62780 1
-0.14248 -0.58537 1
-0.13312 -0.57843 1
-0.13010 -0.59972 1
-0.12582 -0.61730 1
-0.12129 -0.63582 1
-0.10891 -0.61264 1
-0.10801 -0.65526 1
-0.09406 -0.61904 1
-0.08982 -0.64567 1
-0.08495 -0.67246 1
-0.07359 -0.64790 1
-0.06540 -0.64832 1
-0.05349 -0.60646 1
-0.05324 -0.70472 1
-0.04093 -0.65057 1
-0.03154 -0.62700 1
-0.02689 -0.71281 1
-0.01700 -0.67620 1
-0.00901 -0.71684 1
-0.00000 -0.71117 1
0.00880 -0.70006 1
0.01717 -0.68286 1
0.02819 -0.74730 1
0.03498 -0.69533 1
0.04113 -0.65367 1
0.04687 -0.62050 1
0.05789 -0.65637 1
0.06864 -0.68052 1
0.07991 -0.70354 1
0.08636 -0.68362 1
0.09567 -0.68772 1
0.10986 -0.72297 1
0.12009 -0.72857 1
0.11643 -0.65497 1
0.11313 -0.59303 1
0.14592 -0.71595 1
0.13912 -0.64129 1
0.15003 -0.65194 1
0.14260 -0.58587 1
0.16970 -0.66095 1
0.16905 -0.62564 1
0.18331 -0.64609 1
0.21197 -0.71285 1
0.21373 -0.68707 1
0.21213 -0.65287 1
0.20961 -0.61854 1
0.22647 -0.64166 1
0.22506 -0.61301 1
0.23628 -0.61941 1
0.28174 -0.71160 1
0.27611 -0.67257 1
0.27690 -0.65107 1
0.28159 -0.63967 1
0.26662 -0.58559 1
0.30803 -0.65459 1
0.28845 -0.59351 1
0.33725 -0.67230 1
0.35156 -0.67939 1
0.32565 -0.61039 1
0.34759 -0.63227 1
0.37105 -0.65529 1
0.37478 -0.64290 1
0.38168 -0.63623 1
0.36597 -0.59302 1
0.38166 -0.60140 1
0.37097 -0.56863 1
0.38684 -0.57698 1
0.37527 -0.54480 1
0.45103 -0.63749 1
0.39951 -0.54987 1
0.43345 -0.58109 1
0.46941 -0.61307 1
0.42424 -0.53989 1
0.45189 -0.56043 1
0.44174 -0.53398 1
0.49487 -0.58311 1
0.47254 -0.54283 1
0.45618 -0.51093 1
0.40519 -0.44250 1
0.49691 -0.52916 1
0.50713 -0.52661 1
0.52445 -0.53108 1
0.49615 -0.48995 1
0.50673 -0.48798 1
0.55169 -0.51807 1
0.52966 -0.48501 1
0.56716 -0.50639 1
0.56992 -0.49613 1
0.58660 -0.49782 1
0.53460 -0.44226 1
0.53750 -0.43340 1
0.53602 -0.42120 1
0.61429 -0.47034 1
0.57889 -0.43180 1
0.54360 -0.39495 1
0.59565 -0.42143 1
0.61667 -0.42477 1
0.65293 -0.43776 1
0.58371 -0.38081 1
0.59758 -0.37923 1
0.65806 -0.40611 1
0.68094 -0.40850 1
0.66330 -0.38667 1
0.63234 -0.35805 1
0.61919 -0.34040 1
0.62057 -0.33107 1
0.59939 -0.31016 1
0.63604 -0.31906 1
0.65880 -0.32018 1
0.72338 -0.34040 1
0.62528 -0.28469 1
0.72459 -0.31898 1
0.69708 -0.29647 1
0.71222 -0.29239 1
0.67984 -0.26917 1
0.74314 -0.28348 1
0.70127 -0.25746 1
0.68450 -0.24159 1
0.69301 -0.23484 1
0.70374 -0.22866 1
0.67460 -0.20986 1
0.76387 -0.22714 1
0.68157 -0.19338 1
0.68674 -0.18555 1
0.79455 -0.20401 1
0.77812 -0.18940 1
0.70300 -0.16178 1
0.74968 -0.16263 1
0.71050 -0.14481 1
0.71827 -0.13702 1
0.75293 -0.13385 1
0.67429 -0.11114 1
0.77040 -0.11706 1
0.88883 -0.12365 1
0.80468 -0.10165 1
0.78152 -0.08877 1
0.84699 -0.08544 1
0.76444 -0.06742 1
0.81396 -0.06149 1
0.80369 -0.05056 1
0.74495 -0.03748 1
0.78117 -0.02946 1
0.73380 -0.01845 1
0.77666 -0.00976 1
0.78891 -0.00000 1
0.75525 0.00949 1
0.73265 0.01842 1
0.76660 0.02891 1
0.80332 0.04041 1
0.79579 0.05007 1
0.76833 0.05804 1
0.79292 0.06993 1
0.80070 0.08077 1
0.81384 0.09244 1
0.77695 0.09815 1
0.74938 0.10425 1
0.81787 0.12428 1
0.82398 0.13582 1
0.77000 0.13688 1
0.74234 0.14161 1
0.79024 0.16106 1
0.80995 0.17571 1
0.86350 0.19872 1
0.77702 0.18913 1
0.80947 0.20784 1
0.76171 0.20581 1
0.77562 0.22006 1
0.74504 0.22154 1
0.84227 0.26202 1
0.77661 0.25233 1
0.73654 0.24959 1
0.75263 0.26563 1
0.80208 0.29447 1
0.75575 0.28829 1
0.77338 0.30620 1
0.69370 0.28479 1
0.80130 0.34079 1
0.77798 0.34248 1
0.71153 0.32396 1
0.74747 0.35173 1
0.69517 0.33786 1
0.76566 0.38408 1
0.75780 0.39214 1
0.71783 0.38297 1
0.71026 0.39047 1
0.72076 0.40812 1
0.70034 0.40826 1
0.66806 0.40077 1
0.74342 0.45879 1
0.63701 0.40426 1
0.68355 0.44594 1
0.68535 0.45950 1
0.71770 0.49437 1
0.64012 0.45289 1
0.69012 0.50140 1
0.69985 0.52203 1
0.64443 0.49342 1
0.64095 0.50365 1
0.64538 0.52039 1
0.66408 0.54937 1
0.62941 0.53415 1
0.67132 0.58439 1
0.64428 0.57524 1
0.59439 0.54428 1
0.60428 0.56746 1
0.59624 0.57417 1
0.55568 0.54874 1
0.56643 0.57360 1
0.49710 0.51620 1
0.58711 0.62521 1
0.56713 0.61934 1
0.56425 0.63197 1
0.54373 0.62460 1
0.55299 0.65160 1
0.52447 0.63398 1
0.52734 0.65401 1
0.48669 0.61936 1
0.51877 0.67754 1
0.51023 0.68403 1
0.53326 0.73397 1
0.46896 0.66283 1
0.47930 0.69583 1
0.47296 0.70544 1
0.43949 0.67367 1
0.43037 0.67816 1
0.44324 0.71823 1
0.42596 0.71005 1
0.42768 0.73364 1
0.43541 0.76895 1
0.41583 0.75640 1
0.38818 0.72761 1
0.38546 0.74489 1
0.37495 0.74745 1
0.36598 0.75305 1
0.36164 0.76853 1
0.36503 0.80174 1
0.37197 0.84497 1
0.35707 0.83957 1
0.33585 0.81806 1
0.31629 0.79885 1
0.31118 0.81576 1
0.29748 0.81026 1
0.29651 0.84010 1
0.27520 0.81210 1
0.27442 0.84459 1
0.23295 0.74883 1
0.23569 0.79264 1
0.23873 0.84142 1
0.22196 0.82146 1
0.22311 0.86895 1
0.21724 0.89252 1
0.19172 0.83308 1
0.18806 0.86687 1
0.17667 0.86680 1
0.15337 0.80399 1
0.14684 0.82604 1
0.14848 0.90082 1
0.13730 0.90360 1
0.11910 0.85609 1
0.10509 0.83188 1
0.09704 0.85432 1
0.08857 0.87805 1
0.07226 0.81935 1
0.06477 0.85737 1
0.05831 0.92686 1
0.04471 0.88867 1
0.03331 0.88317 1
0.02217 0.88196 1
0.01126 0.89633 1
0.00000 0.87667 1
-0.01122 0.89281 1
-0.02294 0.91257 1
-0.03104 0.82292 1
-0.04188 0.83251 1
-0.05575 0.88617 1
-0.06111 0.80900 1
-0.07877 0.89312 1
-0.08355 0.82832 1
-0.10007 0.88107 1
-0.11948 0.94579 1
-0.12908 0.92782 1
-0.14140 0.93056 1
-0.13858 0.84076 1
-0.15693 0.88281 1
-0.16511 0.86555 1
-0.17160 0.84192 1
-0.20294 0.93547 1
-0.19382 0.84222 1
-0.22541 0.92609 1
-0.20683 0.80555 1
-0.22486 0.83220 1
-0.26053 0.91825 1
-0.26214 0.88159 1
-0.27561 0.88596 1
-0.29271 0.90087 1
-0.30751 0.90746 1
-0.31968 0.90578 1
-0.31842 0.86731 1
-0.33576 0.88020 1
-0.34645 0.87504 1
-0.33555 0.81733 1
-0.36526 0.85884 1
-0.38058 0.86451 1
-0.37507 0.82379 1
-0.39316 0.83550 1
-0.38445 0.79104 1
-0.44627 0.88963 1
-0.40187 0.77660 1
-0.43063 0.80718 1
-0.42095 0.76571 1
-0.44918 0.79328 1
-0.48569 0.83316 1
-0.47629 0.79393 1
-0.48160 0.78039 1
-0.50527 0.79618 1
-0.50783 0.77842 1
-0.49270 0.73488 1
-0.50135 0.72783 1
-0.54493 0.77020 1
-0.53021 0.72977 1
-0.50468 0.67659 1
-0.57739 0.75411 1
-0.59216 0.75359 1
-0.57852 0.71748 1
-0.62125 0.75096 1
-0.60252 0.70996 1
-0.61578 0.70738 1
-0.59671 0.66832 1
-0.62515 0.68271 1
-0.70251 0.74809 1
-0.65208 0.67713 1
-0.67914 0.68773 1
-0.65879 0.65057 1
-0.63717 0.61359 1
-0.72930 0.68486 1
-0.70970 0.64987 1
-0.69820 0.62338 1
-0.72959 0.63512 1
-0.74711 0.63404 1
-0.75869 0.62764 1
-0.72679 0.58603 1
-0.76587 0.60182 1
-0.75578 0.57868 1
-0.77181 0.57571 1
-0.77211 0.56097 1
-0.75159 0.53176 1
-0.75606 0.52079 1
-0.82238 0.55137 1
-0.80331 0.52407 1
-0.81033 0.51425 1
-0.77247 0.47672 1
-0.83648 0.50181 1
-0.86365 0.50346 1
-0.82037 0.46452 1
-0.86997 0.47827 1
-0.87757 0.46819 1
-0.91595 0.47397 1
-0.91088 0.45693 1
-0.84942 0.41283 1
-0.90768 0.42712 1
-0.86518 0.39392 1
-0.92170 0.40575 1
-0.88745 0.37743 1
-0.92335 0.37907 1
-0.88338 0.34976 1
-0.92563 0.35309 1
-0.85646 0.31444 1
-0.98490 0.34761 1
-0.94522 0.32031 1
-0.80660 0.26208 1
-0.89996 0.27996 1
-0.99705 0.29647 1
-0.94663 0.26858 1
-0.96944 0.26194 1
-0.96354 0.24739 1
-0.95245 0.23183 1
-0.90623 0.20855 1
-0.94238 0.20444 1
-0.94272 0.19214 1
-0.98699 0.18828 1
-0.99124 0.17621 1
-0.94213 0.15529 1
-0.96501 0.14663 1
-0.93055 0.12946 1
-0.96749 0.12222 1
-0.95743 0.10875 1
-1.04519 0.10543 1
-0.96716 0.08530 1
-1.03613 0.07827 1
-1.05368 0.06629 1
-0.98373 0.04949 1
-0.98761 0.03725 1
-0.97957 0.02462 1
-1.04864 0.01318 1
-1.02052 0.00000 1
