0.11703 0.00000 0
0.08487 0.00107 0
0.09049 0.00227 0
0.07941 0.00299 0
0.07782 0.00391 0
0.08511 0.00535 0
0.08185 0.00618 0
0.08841 0.00780 0
0.06285 0.00634 0
0.12129 0.01378 0
0.07704 0.00973 0
0.11137 0.01549 0
0.07786 0.01183 0
0.13122 0.02163 0
0.10803 0.01920 0
0.05363 0.01023 0
0.09486 0.01933 0
0.09893 0.02146 0
0.07363 0.01695 0
0.05833 0.01420 0
0.09493 0.02437 0
0.07453 0.02014 0
0.12335 0.03500 0
0.12826 0.03814 0
0.16091 0.05006 0
0.09627 0.03128 0
0.08352 0.02830 0
0.10570 0.03731 0
0.09423 0.03459 0
0.11167 0.04260 0
0.05785 0.02290 0
0.14054 0.05770 0
0.09814 0.04174 0
0.10593 0.04663 0
0.11519 0.05245 0
0.08822 0.04152 0
0.06533 0.03175 0
0.08270 0.04148 0
0.07497 0.03879 0
0.09719 0.05185 0
0.10750 0.05910 0
0.10894 0.06168 0
0.12695 0.07400 0
0.06998 0.04198 0
0.10403 0.06420 0
0.10383 0.06589 0
0.10941 0.07138 0
0.06325 0.04241 0
0.09650 0.06647 0
0.12326 0.08721 0
0.11745 0.08533 0
0.09709 0.07242 0
0.09151 0.07007 0
0.12227 0.09608 0
0.11717 0.09448 0
0.09845 0.08144 0
0.11366 0.09645 0
0.10101 0.08793 0
0.08982 0.08020 0
0.16350 0.14972 0
0.10556 0.09913 0
0.08789 0.08463 0
0.11024 0.10886 0
0.12131 0.12284 0
0.09040 0.09387 0
0.10118 0.10774 0
0.09443 0.10312 0
0.07042 0.07887 0
0.11034 0.12675 0
0.09562 0.11267 0
0.05893 0.07124 0
0.10899 0.13516 0
0.09845 0.12529 0
0.09164 0.11968 0
0.11177 0.14985 0
0.06380 0.08782 0
0.10049 0.14204 0
0.07675 0.11142 0
0.07305 0.10896 0
0.08345 0.12792 0
0.08647 0.13625 0
0.08442 0.13679 0
0.08442 0.14071 0
0.05441 0.09333 0
0.09494 0.16767 0
0.05677 0.10327 0
0.08726 0.16356 0
0.06563 0.12682 0
0.06878 0.13711 0
0.06239 0.12837 0
0.09026 0.19181 0
0.04582 0.10063 0
0.05590 0.12698 0
0.06394 0.15035 0
0.04811 0.11718 0
0.07710 0.19474 0
0.04442 0.11645 0
0.05736 0.15624 0
0.05856 0.16591 0
0.05991 0.17679 0
0.04672 0.14380 0
0.04637 0.14906 0
0.04631 0.15575 0
0.03840 0.13535 0
0.05502 0.20361 0
0.04292 0.16715 0
0.03880 0.15943 0
0.03612 0.15693 0
0.03549 0.16361 0
0.04344 0.21314 0
0.03604 0.18895 0
0.02663 0.14978 0
0.02130 0.12925 0
0.03137 0.20645 0
0.02510 0.18041 0
0.01698 0.13439 0
0.02005 0.17656 0
0.01608 0.15943 0
0.01562 0.17711 0
0.01850 0.24490 0
0.01122 0.17832 0
0.01022 0.20316 0
0.00649 0.17195 0
0.00305 0.12147 0
0.00195 0.15515 0
0.00000 0.16970 0
-0.00237 0.18886 0
-0.00495 0.19673 0
-0.00873 0.23145 0
-0.00907 0.18030 0
-0.01394 0.22164 0
-0.01746 0.23114 0
-0.01590 0.18031 0
-0.02449 0.24275 0
-0.02297 0.20222 0
-0.02735 0.21652 0
-0.03007 0.21618 0
-0.03291 0.21659 0
-0.03165 0.19202 0
-0.03347 0.18828 0
-0.04417 0.23153 0
-0.04005 0.19648 0
-0.05770 0.26599 0
-0.05691 0.24728 0
-0.05002 0.20551 0
-0.05265 0.20504 0
-0.05440 0.20135 0
-0.06364 0.22430 0
-0.05928 0.19936 0
-0.06336 0.20369 0
-0.06747 0.20766 0
-0.06847 0.20204 0
-0.07726 0.21889 0
-0.07026 0.19138 0
-0.07620 0.19976 0
-0.08170 0.20634 0
-0.07870 0.19169 0
-0.06694 0.15740 0
-0.09298 0.21121 0
-0.08443 0.18544 0
-0.09401 0.19978 0
-0.08514 0.17518 0
-0.12522 0.24962 0
-0.11150 0.21548 0
-0.09897 0.18551 0
-0.11082 0.20159 0
-0.12430 0.21951 0
-0.11442 0.19627 0
-0.11991 0.19988 0
-0.11940 0.19347 0
-0.11075 0.17452 0
-0.14200 0.21766 0
-0.10536 0.15715 0
-0.12048 0.17491 0
-0.17045 0.24092 0
-0.12022 0.16548 0
-0.15002 0.20112 0
-0.14688 0.19184 0
-0.15022 0.19116 0
-0.14397 0.17856 0
-0.16179 0.19558 0
-0.14366 0.16928 0
-0.16929 0.19448 0
-0.16180 0.18122 0
-0.17403 0.19006 0
-0.17131 0.18242 0
-0.15679 0.16282 0
-0.15452 0.15647 0
-0.19004 0.18766 0
-0.17165 0.16530 0
-0.19153 0.17986 0
-0.17171 0.15723 0
-0.19816 0.17692 0
-0.17553 0.15280 0
-0.18427 0.15638 0
-0.19288 0.15957 0
-0.19612 0.15814 0
-0.18510 0.14545 0
-0.20070 0.15367 0
-0.20253 0.15107 0
-0.18470 0.13419 0
-0.22867 0.16179 0
-0.21763 0.14991 0
-0.20735 0.13902 0
-0.20626 0.13456 0
-0.20441 0.12972 0
-0.26817 0.16549 0
-0.25378 0.15225 0
-0.26917 0.15691 0
-0.23043 0.13048 0
-0.21948 0.12066 0
-0.25049 0.13364 0
-0.25411 0.13149 0
-0.24445 0.12263 0
-0.28307 0.13757 0
-0.26230 0.12343 0
-0.25113 0.11434 0
-0.28134 0.12385 0
-0.28167 0.11979 0
-0.27000 0.11084 0
-0.22122 0.08759 0
-0.27361 0.10437 0
-0.29449 0.10812 0
-0.26214 0.09252 0
-0.26411 0.08950 0
-0.31604 0.10269 0
-0.26707 0.08308 0
-0.25917 0.07707 0
-0.28246 0.08014 0
-0.29057 0.07851 0
-0.29301 0.07523 0
-0.32442 0.07897 0
-0.28462 0.06550 0
-0.31804 0.06900 0
-0.27017 0.05506 0
-0.27409 0.05228 0
-0.26695 0.04745 0
-0.27473 0.04528 0
-0.24439 0.03714 0
-0.26688 0.03713 0
-0.29555 0.03734 0
-0.29143 0.03310 0
-0.28089 0.02833 0
-0.31040 0.02737 0
-0.28982 0.02189 0
-0.27512 0.01731 0
-0.26560 0.01336 0
-0.30175 0.01138 0
-0.27724 0.00697 0
-0.31433 0.00395 0
-0.27361 0.00000 0
-0.28267 -0.00355 0
-0.28455 -0.00715 0
-0.31551 -0.01190 0
-0.33886 -0.01705 0
-0.30286 -0.01905 0
-0.30789 -0.02326 0
-0.36084 -0.03182 0
-0.33811 -0.03411 0
-0.31961 -0.03630 0
-0.30108 -0.03804 0
-0.31038 -0.04318 0
-0.27467 -0.04174 0
-0.29889 -0.04927 0
-0.32060 -0.05699 0
-0.33941 -0.06475 0
-0.33182 -0.06763 0
-0.29388 -0.06375 0
-0.33365 -0.07678 0
-0.33906 -0.08253 0
-0.32234 -0.08276 0
-0.30306 -0.08189 0
-0.27778 -0.07881 0
-0.26894 -0.07997 0
-0.33342 -0.10372 0
-0.31752 -0.10317 0
-0.32657 -0.11066 0
-0.30177 -0.10651 0
-0.35800 -0.13143 0
-0.30598 -0.11672 0
-0.26314 -0.10418 0
-0.28179 -0.11569 0
-0.34181 -0.14537 0
-0.32888 -0.14478 0
-0.28831 -0.13127 0
-0.30701 -0.14447 0
-0.29351 -0.14265 0
-0.32191 -0.16148 0
-0.27549 -0.14255 0
-0.31102 -0.16593 0
-0.30786 -0.16925 0
-0.30029 -0.17004 0
-0.31084 -0.18120 0
-0.29511 -0.17704 0
-0.30823 -0.19022 0
-0.30382 -0.19281 0
-0.32672 -0.21315 0
-0.25727 -0.17248 0
-0.26328 -0.18136 0
-0.28450 -0.20129 0
-0.27430 -0.19929 0
-0.26396 -0.19689 0
-0.27919 -0.21377 0
-0.26362 -0.20715 0
-0.28404 -0.22903 0
-0.26794 -0.22166 0
-0.28804 -0.24444 0
-0.28833 -0.25100 0
-0.32227 -0.28774 0
-0.23977 -0.21956 0
-0.27681 -0.25994 0
-0.26858 -0.25864 0
-0.23125 -0.22837 0
-0.25758 -0.26084 0
-0.24278 -0.25211 0
-0.24333 -0.25912 0
-0.23758 -0.25946 0
-0.23511 -0.26332 0
-0.23599 -0.27109 0
-0.24480 -0.28845 0
-0.23216 -0.28063 0
-0.24649 -0.30569 0
-0.22892 -0.29132 0
-0.24482 -0.31975 0
-0.22310 -0.29909 0
-0.22655 -0.31182 0
-0.23610 -0.33370 0
-0.22287 -0.32355 0
-0.22441 -0.33472 0
-0.21496 -0.32949 0
-0.20442 -0.32211 0
-0.18389 -0.29798 0
-0.19741 -0.32907 0
-0.20742 -0.35581 0
-0.17391 -0.30714 0
-0.18103 -0.32928 0
-0.18112 -0.33949 0
-0.18082 -0.34944 0
-0.18018 -0.35919 0
-0.17585 -0.36182 0
-0.14891 -0.31646 0
-0.17235 -0.37854 0
-0.17035 -0.38697 0
-0.14185 -0.33353 0
-0.14568 -0.35485 0
-0.13264 -0.33502 0
-0.13719 -0.35963 0
-0.13161 -0.35848 0
-0.12233 -0.34659 0
-0.14511 -0.42822 0
-0.12198 -0.37541 0
-0.11355 -0.36502 0
-0.11448 -0.38500 0
-0.10957 -0.38619 0
-0.11315 -0.41878 0
-0.10210 -0.39767 0
-0.10166 -0.41765 0
-0.09310 -0.40455 0
-0.08416 -0.38795 0
-0.08426 -0.41340 0
-0.07218 -0.37836 0
-0.07277 -0.40936 0
-0.06648 -0.40329 0
-0.06108 -0.40195 0
-0.05670 -0.40754 0
-0.05004 -0.39611 0
-0.04723 -0.41581 0
-0.04177 -0.41407 0
-0.03745 -0.42459 0
-0.03056 -0.40458 0
-0.02682 -0.42624 0
-0.02236 -0.44439 0
-0.01765 -0.46786 0
-0.01013 -0.40281 0
-0.00554 -0.44118 0
-0.00000 -0.44445 0
0.00548 -0.43615 0
0.01200 -0.47747 0
0.01668 -0.44219 0
0.02269 -0.45103 0
0.02494 -0.39649 0
0.03718 -0.49222 0
0.03705 -0.42006 0
0.04140 -0.41043 0
0.05100 -0.44899 0
0.04963 -0.39288 0
0.05709 -0.41037 0
0.06602 -0.43452 0
0.06506 -0.39469 0
0.06951 -0.39103 0
0.07670 -0.40207 0
0.08566 -0.42026 0
0.09356 -0.43128 0
0.09769 -0.42449 0
0.09621 -0.39528 0
0.11476 -0.44696 0
0.12076 -0.44694 0
0.12352 -0.43535 0
0.12698 -0.42704 0
0.12817 -0.41200 0
0.12950 -0.39856 0
0.13332 -0.39344 0
0.15149 -0.42921 0
0.15368 -0.41858 0
0.13709 -0.35939 0
0.17135 -0.43278 0
0.17197 -0.41889 0
0.17149 -0.40323 0
0.18056 -0.41016 0
0.16496 -0.36231 0
0.19208 -0.40819 0
0.19309 -0.39730 0
0.19625 -0.39122 0
0.19719 -0.38106 0
0.20451 -0.38334 0
0.18647 -0.33920 0
0.20703 -0.36563 0
0.22549 -0.38682 0
0.22380 -0.37305 0
0.25348 -0.41074 0
0.25547 -0.40256 0
0.24461 -0.37494 0
0.25551 -0.38110 0
0.25932 -0.37646 0
0.24463 -0.34576 0
0.27410 -0.37726 0
0.30186 -0.40469 0
0.30402 -0.39707 0
0.32543 -0.41414 0
0.30093 -0.37321 0
0.28280 -0.34184 0
0.30415 -0.35839 0
0.32718 -0.37585 0
0.32777 -0.36711 0
0.34990 -0.38212 0
0.32252 -0.34345 0
0.31618 -0.32833 0
0.31111 -0.31505 0
0.34724 -0.34290 0
0.35303 -0.33997 0
0.33926 -0.31859 0
0.35364 -0.32383 0
0.38759 -0.34606 0
0.38003 -0.33082 0
0.37129 -0.31510 0
0.35852 -0.29659 0
0.40477 -0.32638 0
0.39659 -0.31164 0
0.40150 -0.30741 0
0.38614 -0.28803 0
0.40593 -0.29492 0
0.39895 -0.28227 0
0.41976 -0.28914 0
0.39373 -0.26398 0
0.40869 -0.26662 0
0.41177 -0.26131 0
0.41040 -0.25327 0
0.44776 -0.26861 0
0.44839 -0.26139 0
0.41948 -0.23752 0
0.44897 -0.24682 0
0.41523 -0.22153 0
0.41112 -0.21274 0
0.47385 -0.23770 0
0.45069 -0.21904 0
0.46548 -0.21904 0
0.47460 -0.21609 0
0.46612 -0.20519 0
0.47126 -0.20043 0
0.48635 -0.19967 0
0.48417 -0.19170 0
0.46176 -0.17614 0
0.47323 -0.17374 0
0.49847 -0.17593 0
0.49216 -0.16678 0
0.48124 -0.15636 0
0.52710 -0.16397 0
0.51557 -0.15331 0
0.53824 -0.15271 0
0.49800 -0.13456 0
0.52014 -0.13355 0
0.48924 -0.11908 0
0.53387 -0.12286 0
0.52527 -0.11395 0
0.52206 -0.10640 0
0.50028 -0.09543 0
0.50933 -0.09054 0
0.54852 -0.09041 0
0.55323 -0.08406 0
0.51160 -0.07117 0
0.47725 -0.06029 0
0.55376 -0.06290 0
0.56293 -0.05678 0
0.50569 -0.04460 0
0.53914 -0.04073 0
0.53611 -0.03373 0
0.52230 -0.02628 0
0.54993 -0.02074 0
0.55585 -0.01397 0
0.56487 -0.00710 0
0.55316 -0.00000 0
0.52970 0.00666 0
0.55008 0.01383 0
0.56963 0.02148 0
0.49387 0.02485 0
0.56006 0.03524 0
0.55668 0.04205 0
0.56584 0.04990 0
0.55944 0.05643 0
0.52519 0.05965 0
0.53992 0.06821 0
0.57999 0.08069 0
0.52932 0.08043 0
0.52062 0.08581 0
0.56106 0.09974 0
0.54005 0.10302 0
0.54059 0.11018 0
0.55116 0.11957 0
0.57605 0.13257 0
0.56962 0.13865 0
0.54964 0.14112 0
0.55023 0.14867 0
0.50647 0.14370 0
0.53378 0.15872 0
0.53189 0.16546 0
0.50752 0.16490 0
0.54978 0.18631 0
0.57960 0.20456 0
0.49397 0.18135 0
0.57634 0.21985 0
0.52515 0.20792 0
0.54016 0.22175 0
0.53317 0.22675 0
0.55328 0.24356 0
0.50180 0.22847 0
0.46725 0.21987 0
0.54833 0.26649 0
0.52766 0.26469 0
0.49045 0.25379 0
0.50747 0.27074 0
0.48392 0.26604 0
0.53289 0.30174 0
0.51699 0.30138 0
0.51242 0.30741 0
0.46104 0.28452 0
0.46196 0.29317 0
0.46490 0.30329 0
0.48880 0.32772 0
0.48600 0.33477 0
0.48430 0.34265 0
0.47009 0.34154 0
0.44766 0.33392 0
0.47365 0.36266 0
0.47876 0.37621 0
0.48204 0.38868 0
0.47462 0.39264 0
0.43247 0.36702 0
0.44468 0.38710 0
0.45067 0.40238 0
0.42789 0.39182 0
0.39098 0.36716 0
0.42695 0.41115 0
0.41418 0.40901 0
0.40976 0.41494 0
0.41873 0.43482 0
0.40261 0.42873 0
0.42636 0.46561 0
0.39644 0.44402 0
0.39710 0.45617 0
0.38857 0.45786 0
0.37457 0.45278 0
0.36847 0.45697 0
0.39716 0.50542 0
0.37159 0.48531 0
0.35624 0.47758 0
0.36064 0.49638 0
0.35528 0.50216 0
0.34348 0.49865 0
0.35671 0.53204 0
0.32022 0.49084 0
0.31938 0.50327 0
0.34083 0.55228 0
0.30168 0.50288 0
0.29798 0.51116 0
0.29644 0.52353 0
0.30976 0.56346 0
0.32270 0.60487 0
0.28989 0.56021 0
0.29901 0.59606 0
0.28204 0.58033 0
0.26594 0.56515 0
0.28000 0.61498 0
0.25945 0.58936 0
0.25025 0.58842 0
0.25339 0.61721 0
0.21159 0.53442 0
0.21254 0.55716 0
0.22496 0.61274 0
0.21796 0.61755 0
0.21142 0.62389 0
0.17957 0.55266 0
0.18681 0.60053 0
0.17891 0.60168 0
0.18018 0.63504 0
0.17396 0.64383 0
0.17338 0.67528 0
0.15230 0.62571 0
0.13958 0.60651 0
0.13491 0.62187 0
0.12808 0.62840 0
0.12326 0.64614 0
0.10729 0.60352 0
0.10110 0.61336 0
0.10003 0.65831 0
0.08859 0.63678 0
0.08469 0.67036 0
0.07496 0.65995 0
0.06151 0.60977 0
0.05665 0.64238 0
0.04905 0.64935 0
0.03867 0.61467 0
0.03353 0.66654 0
0.02694 0.71427 0
0.01723 0.68537 0
0.00853 0.67905 0
0.00000 0.65387 0
-0.00802 0.63788 0
-0.01701 0.67668 0
-0.02501 0.66312 0
-0.03384 0.67266 0
-0.04520 0.71846 0
-0.04960 0.65658 0
-0.05780 0.65536 0
-0.06587 0.65301 0
-0.07483 0.65885 0
-0.08526 0.67493 0
-0.08740 0.62827 0
-0.10083 0.66358 0
-0.10211 0.61948 0
-0.11557 0.65012 0
-0.12518 0.65623 0
-0.12768 0.62644 0
-0.14120 0.65087 0
-0.15456 0.67161 0
-0.15998 0.65728 0
-0.16587 0.64600 0
-0.17914 0.66299 0
-0.18694 0.65889 0
-0.19647 0.66073 0
-0.21230 0.68246 0
-0.21333 0.65657 0
-0.22622 0.66758 0
-0.23953 0.67868 0
-0.22364 0.60916 0
-0.23766 0.62302 0
-0.23483 0.59312 0
-0.25697 0.62593 0
-0.27553 0.64785 0
-0.27290 0.61992 0
-0.30165 0.66253 0
-0.30573 0.64971 0
-0.31061 0.63911 0
-0.28784 0.57380 0
-0.29485 0.56980 0
-0.31574 0.59183 0
-0.34094 0.62016 0
-0.33340 0.58881 0
-0.32740 0.56163 0
-0.35491 0.59161 0
-0.39100 0.63357 0
-0.36640 0.57735 0
-0.36619 0.56131 0
-0.40105 0.59817 0
-0.41292 0.59946 0
-0.38753 0.54773 0
-0.41759 0.57477 0
-0.42379 0.56815 0
-0.42846 0.55959 0
-0.43238 0.55025 0
-0.41953 0.52029 0
-0.46265 0.55925 0
-0.48524 0.57177 0
-0.44273 0.50858 0
-0.46700 0.52304 0
-0.46802 0.51112 0
-0.51436 0.54773 0
-0.49831 0.51745 0
-0.49262 0.49885 0
-0.51481 0.50838 0
-0.50413 0.48548 0
-0.52074 0.48901 0
-0.51644 0.47290 0
-0.53375 0.47656 0
-0.56064 0.48804 0
-0.58029 0.49247 0
-0.56152 0.46453 0
-0.52815 0.42586 0
-0.57844 0.45453 0
-0.57611 0.44111 0
-0.55717 0.41560 0
-0.59218 0.43025 0
-0.60991 0.43152 0
-0.59299 0.40846 0
-0.59847 0.40124 0
-0.58136 0.37927 0
-0.57469 0.36471 0
-0.66465 0.41018 0
-0.61210 0.36721 0
-0.62737 0.36573 0
-0.61897 0.35048 0
-0.61253 0.33674 0
-0.61244 0.32674 0
-0.68566 0.35481 0
-0.62519 0.31362 0
-0.61253 0.29769 0
-0.68162 0.32075 0
-0.66609 0.30327 0
-0.62888 0.27685 0
-0.67824 0.28845 0
-0.72388 0.29718 0
-0.67918 0.26891 0
-0.70349 0.26835 0
-0.68737 0.25236 0
-0.65899 0.23258 0
-0.72658 0.24622 0
-0.70464 0.22895 0
-0.72894 0.22676 0
-0.69709 0.20728 0
-0.77826 0.22081 0
-0.72159 0.19497 0
-0.72434 0.18598 0
-0.73236 0.17826 0
-0.75032 0.17267 0
-0.71874 0.15592 0
-0.75170 0.15321 0
-0.75348 0.14373 0
-0.70685 0.12565 0
-0.75986 0.12525 0
-0.71749 0.10902 0
-0.74570 0.10374 0
-0.76630 0.09681 0
-0.74592 0.08472 0
-0.74761 0.07541 0
-0.78092 0.06887 0
-0.78425 0.05924 0
-0.77474 0.04874 0
-0.73823 0.03714 0
-0.78687 0.02968 0
-0.78368 0.01970 0
-0.75997 0.00955 0
-0.78888 0.00000 0
-0.74679 -0.00938 0
-0.79849 -0.02007 0
-0.80176 -0.03024 0
-0.77000 -0.03874 0
-0.77334 -0.04865 0
-0.76173 -0.05754 0
-0.79700 -0.07029 0
-0.76302 -0.07697 0
-0.77647 -0.08819 0
-0.75060 -0.09482 0
-0.77155 -0.10734 0
-0.81362 -0.12363 0
-0.71902 -0.11852 0
-0.78039 -0.13873 0
-0.77392 -0.14763 0
-0.76859 -0.15665 0
-0.74637 -0.16192 0
-0.77156 -0.17756 0
-0.74288 -0.18082 0
-0.77287 -0.19844 0
-0.77546 -0.20953 0
-0.77368 -0.21951 0
-0.78722 -0.23408 0
-0.72472 -0.22545 0
-0.74039 -0.24057 0
-0.71252 -0.24145 0
-0.77362 -0.27304 0
-0.74063 -0.27191 0
-0.73441 -0.28015 0
-0.70889 -0.28067 0
-0.68182 -0.27991 0
-0.74157 -0.31539 0
-0.71301 -0.31388 0
-0.74908 -0.34106 0
-0.73532 -0.34602 0
-0.71334 -0.34669 0
-0.77044 -0.38648 0
-0.72743 -0.37642 0
-0.73259 -0.39084 0
-0.71275 -0.39184 0
-0.68658 -0.38877 0
-0.71323 -0.41578 0
-0.69386 -0.41625 0
-0.69552 -0.42922 0
-0.66944 -0.42484 0
-0.67694 -0.44163 0
-0.65804 -0.44119 0
-0.67166 -0.46266 0
-0.64301 -0.45494 0
-0.66152 -0.48063 0
-0.67563 -0.50397 0
-0.66592 -0.50987 0
-0.64628 -0.50784 0
-0.62504 -0.50398 0
-0.61025 -0.50484 0
-0.64009 -0.54322 0
-0.61333 -0.53391 0
-0.61659 -0.55052 0
-0.58659 -0.53713 0
-0.59746 -0.56105 0
-0.61166 -0.58902 0
-0.58731 -0.57998 0
-0.57225 -0.57949 0
-0.58502 -0.60750 0
-0.58348 -0.62134 0
-0.57385 -0.62669 0
-0.54440 -0.60973 0
-0.55380 -0.63617 0
-0.54782 -0.64551 0
-0.53834 -0.65074 0
-0.55736 -0.69124 0
-0.54867 -0.69824 0
-0.55998 -0.73136 0
-0.52650 -0.70583 0
-0.50938 -0.70110 0
-0.49856 -0.70467 0
-0.47805 -0.69400 0
-0.44450 -0.66298 0
-0.47602 -0.72966 0
-0.43797 -0.69013 0
-0.44170 -0.71573 0
-0.42411 -0.70695 0
-0.43271 -0.74227 0
-0.40107 -0.70831 0
-0.39576 -0.71989 0
-0.39531 -0.74098 0
-0.40301 -0.77881 0
-0.39270 -0.78284 0
-0.37494 -0.77147 0
-0.34902 -0.74171 0
-0.35208 -0.77328 0
-0.34695 -0.78814 0
-0.34072 -0.80112 0
-0.31865 -0.77618 0
-0.29661 -0.74914 0
-0.29504 -0.77344 0
-0.28831 -0.78529 0
-0.27837 -0.78873 0
-0.27682 -0.81690 0
-0.26937 -0.82905 0
-0.25403 -0.81659 0
-0.24361 -0.81926 0
-0.23328 -0.82219 0
-0.21938 -0.81193 0
-0.22208 -0.86496 0
-0.20603 -0.84644 0
-0.19983 -0.86833 0
-0.17972 -0.82844 0
-0.17785 -0.87260 0
-0.17268 -0.90521 0
-0.15641 -0.87983 0
-0.14372 -0.87195 0
-0.13214 -0.86963 0
-0.12142 -0.87277 0
-0.10795 -0.85449 0
-0.10168 -0.89524 0
-0.08769 -0.86934 0
-0.07590 -0.86058 0
-0.06704 -0.88752 0
-0.05479 -0.87089 0
-0.04420 -0.87866 0
-0.03270 -0.86705 0
-0.02159 -0.85884 0
-0.01064 -0.84654 0
-0.00000 -0.89183 0
0.01116 -0.88832 0
0.02385 -0.94862 0
0.03178 -0.84260 0
0.04489 -0.89239 0
0.05448 -0.86588 0
0.06848 -0.90653 0
0.07757 -0.87953 0
0.08997 -0.89193 0
0.10166 -0.89501 0
0.10190 -0.80659 0
0.12349 -0.88769 0
0.13336 -0.87764 0
0.15198 -0.92204 0
0.16036 -0.90205 0
0.16622 -0.87138 0
0.18019 -0.88408 0
0.18852 -0.86900 0
0.20614 -0.89575 0
0.21418 -0.87996 0
0.22719 -0.88483 0
0.23457 -0.86814 0
0.25626 -0.90320 0
0.26984 -0.90747 0
0.27047 -0.86946 0
0.28608 -0.88048 0
0.27530 -0.81241 0
0.30164 -0.85466 0
0.30109 -0.82010 0
0.33507 -0.87838 0
0.33689 -0.85088 0
0.34624 -0.84338 0
0.35667 -0.83863 0
0.37036 -0.84132 0
0.39316 -0.86352 0
0.41051 -0.87238 0
0.39270 -0.80802 0
0.42906 -0.85532 0
0.41245 -0.79706 0
0.43831 -0.82157 0
0.46998 -0.85489 0
0.43086 -0.76092 0
0.47610 -0.81671 0
0.46452 -0.77431 0
0.48886 -0.79214 0
0.47317 -0.74560 0
0.51473 -0.78899 0
0.55101 -0.82185 0
0.49509 -0.71875 0
0.55269 -0.78117 0
0.54534 -0.75060 0
0.56306 -0.75485 0
0.54246 -0.70849 0
0.56762 -0.72236 0
0.58609 -0.72687 0
0.59279 -0.71656 0
0.60991 -0.71868 0
0.61113 -0.70203 0
0.60540 -0.67805 0
0.63180 -0.68998 0
0.61630 -0.65629 0
0.62366 -0.64763 0
0.65673 -0.66504 0
0.67273 -0.66433 0
0.65009 -0.62604 0
0.67677 -0.63553 0
0.70792 -0.64823 0
0.71217 -0.63586 0
0.71888 -0.62579 0
0.67524 -0.57305 0
0.75195 -0.62207 0
0.71974 -0.58034 0
0.74052 -0.58190 0
0.79446 -0.60829 0
0.77574 -0.57864 0
0.78409 -0.56968 0
0.80550 -0.56990 0
0.78347 -0.53967 0
0.84874 -0.56904 0
0.81928 -0.53449 0
0.78588 -0.49873 0
0.83593 -0.51588 0
0.82883 -0.49723 0
0.87776 -0.51169 0
0.82347 -0.46628 0
0.85181 -0.46829 0
0.85798 -0.45774 0
0.85971 -0.44487 0
0.87700 -0.43993 0
0.88639 -0.43079 0
0.86586 -0.40744 0
0.90596 -0.41249 0
0.89963 -0.39603 0
0.86084 -0.36611 0
0.91151 -0.37421 0
0.86972 -0.34435 0
0.85658 -0.32675 0
0.91025 -0.33418 0
0.93822 -0.33114 0
0.93886 -0.31815 0
0.95255 -0.30950 0
0.97604 -0.30363 0
0.92144 -0.27399 0
0.92981 -0.26381 0
0.96380 -0.26041 0
0.97961 -0.25152 0
0.91060 -0.22164 0
0.96433 -0.22192 0
0.90033 -0.19532 0
0.93678 -0.19093 0
0.95960 -0.18305 0
0.95847 -0.17038 0
0.97926 -0.16141 0
0.97059 -0.14748 0
1.01260 -0.14087 0
0.97553 -0.12324 0
1.01477 -0.11526 0
0.94461 -0.09528 0
0.99670 -0.08790 0
0.99669 -0.07529 0
0.95916 -0.06035 0
0.98099 -0.04935 0
0.98835 -0.03728 0
0.97363 -0.02448 0
1.00611 -0.01264 0
0.98392 -0.00000 0
-0.04204 0.07281 1
-0.05150 0.08666 1
-0.03987 0.06522 1
-0.04132 0.06571 1
-0.03345 0.05175 1
-0.06163 0.09276 1
-0.04411 0.06461 1
-0.07393 0.10543 1
-0.04546 0.06312 1
-0.07568 0.10235 1
-0.03959 0.05215 1
-0.04989 0.06404 1
-0.06637 0.08302 1
-0.07331 0.08937 1
-0.05796 0.06887 1
-0.07222 0.08367 1
-0.06079 0.06866 1
-0.10229 0.11266 1
-0.06730 0.07227 1
-0.08107 0.08490 1
-0.08094 0.08266 1
-0.06080 0.06055 1
-0.05843 0.05674 1
-0.10297 0.09751 1
-0.06770 0.06252 1
-0.07005 0.06307 1
-0.09692 0.08509 1
-0.03745 0.03206 1
-0.05004 0.04175 1
-0.05659 0.04602 1
-0.09591 0.07601 1
-0.10276 0.07937 1
-0.07380 0.05553 1
-0.11539 0.08458 1
-0.07643 0.05456 1
-0.10485 0.07287 1
-0.16311 0.11035 1
-0.07697 0.05068 1
-0.10280 0.06584 1
-0.10574 0.06587 1
-0.12118 0.07339 1
-0.12809 0.07539 1
-0.07566 0.04326 1
-0.11663 0.06476 1
-0.12660 0.06822 1
-0.10276 0.05372 1
-0.06513 0.03301 1
-0.10420 0.05118 1
-0.13154 0.06257 1
-0.09620 0.04429 1
-0.11868 0.05284 1
-0.11023 0.04743 1
-0.10571 0.04392 1
-0.11749 0.04709 1
-0.12214 0.04718 1
-0.07792 0.02898 1
-0.10008 0.03580 1
-0.12966 0.04454 1
-0.12389 0.04083 1
-0.10241 0.03233 1
-0.09453 0.02854 1
-0.10264 0.02959 1
-0.10707 0.02941 1
-0.12899 0.03370 1
-0.13076 0.03241 1
-0.13948 0.03271 1
-0.09919 0.02195 1
-0.10679 0.02223 1
-0.16106 0.03142 1
-0.18930 0.03447 1
-0.14791 0.02502 1
-0.14725 0.02301 1
-0.14173 0.02032 1
-0.15112 0.01973 1
-0.11932 0.01406 1
-0.15313 0.01610 1
-0.15714 0.01452 1
-0.14935 0.01191 1
-0.13782 0.00925 1
-0.14688 0.00801 1
-0.16629 0.00697 1
-0.14014 0.00411 1
-0.15394 0.00258 1
-0.11786 0.00049 1
-0.12207 -0.00102 1
-0.13143 -0.00275 1
-0.14803 -0.00496 1
-0.16888 -0.00779 1
-0.14294 -0.00839 1
-0.13428 -0.00958 1
-0.16171 -0.01358 1
-0.16689 -0.01613 1
-0.15082 -0.01649 1
-0.10483 -0.01280 1
-0.11093 -0.01496 1
-0.15561 -0.02298 1
-0.21314 -0.03422 1
-0.21390 -0.03710 1
-0.18615 -0.03470 1
-0.14434 -0.02879 1
-0.15235 -0.03238 1
-0.17856 -0.04031 1
-0.15044 -0.03595 1
-0.19178 -0.04838 1
-0.17514 -0.04654 1
-0.17825 -0.04977 1
-0.17904 -0.05242 1
-0.18474 -0.05662 1
-0.15979 -0.05118 1
-0.18591 -0.06213 1
-0.16671 -0.05805 1
-0.19229 -0.06969 1
-0.22056 -0.08308 1
-0.21478 -0.08400 1
-0.21181 -0.08592 1
-0.17615 -0.07405 1
-0.17537 -0.07632 1
-0.18853 -0.08489 1
-0.13235 -0.06160 1
-0.16736 -0.08047 1
-0.16551 -0.08216 1
-0.12223 -0.06260 1
-0.13135 -0.06937 1
-0.14518 -0.07902 1
-0.19229 -0.10782 1
-0.17323 -0.10002 1
-0.17752 -0.10549 1
-0.17631 -0.10779 1
-0.15783 -0.09924 1
-0.17660 -0.11416 1
-0.21176 -0.14070 1
-0.15932 -0.10876 1
-0.14925 -0.10466 1
-0.14543 -0.10474 1
-0.16868 -0.12473 1
-0.14263 -0.10826 1
-0.14704 -0.11455 1
-0.19453 -0.15551 1
-0.15968 -0.13097 1
-0.18556 -0.15615 1
-0.15290 -0.13198 1
-0.17047 -0.15092 1
-0.16984 -0.15422 1
-0.15105 -0.14066 1
-0.18132 -0.17315 1
-0.14770 -0.14464 1
-0.13917 -0.13975 1
-0.12743 -0.13122 1
-0.18564 -0.19603 1
-0.13420 -0.14533 1
-0.14910 -0.16559 1
-0.14886 -0.16957 1
-0.14468 -0.16904 1
-0.14883 -0.17838 1
-0.17330 -0.21309 1
-0.13958 -0.17611 1
-0.13122 -0.16990 1
-0.15241 -0.20255 1
-0.14114 -0.19256 1
-0.12827 -0.17970 1
-0.13286 -0.19117 1
-0.11720 -0.17324 1
-0.11858 -0.18011 1
-0.10952 -0.17098 1
-0.11698 -0.18780 1
-0.12523 -0.20677 1
-0.11239 -0.19095 1
-0.10807 -0.18900 1
-0.13287 -0.23931 1
-0.10353 -0.19212 1
-0.10822 -0.20701 1
-0.10920 -0.21543 1
-0.10534 -0.21446 1
-0.08847 -0.18597 1
-0.07937 -0.17241 1
-0.09010 -0.20237 1
-0.09241 -0.21478 1
-0.08842 -0.21282 1
-0.08908 -0.22228 1
-0.08005 -0.20725 1
-0.08400 -0.22586 1
-0.09033 -0.25256 1
-0.08625 -0.25105 1
-0.06891 -0.20909 1
-0.08600 -0.27241 1
-0.08178 -0.27086 1
-0.06830 -0.23694 1
-0.06970 -0.25375 1
-0.07200 -0.27562 1
-0.06539 -0.26385 1
-0.05491 -0.23411 1
-0.05899 -0.26653 1
-0.04682 -0.22491 1
-0.04986 -0.25555 1
-0.04477 -0.24585 1
-0.04819 -0.28493 1
-0.04795 -0.30690 1
-0.04074 -0.28414 1
-0.03598 -0.27552 1
-0.03283 -0.27864 1
-0.02437 -0.23185 1
-0.02199 -0.23800 1
-0.01947 -0.24418 1
-0.01896 -0.28245 1
-0.01391 -0.25513 1
-0.01029 -0.24558 1
-0.00661 -0.22544 1
-0.00440 -0.26236 1
-0.00124 -0.29688 1
0.00204 -0.24342 1
0.00588 -0.28086 1
0.00807 -0.24081 1
0.01265 -0.27442 1
0.01648 -0.28077 1
0.02061 -0.28889 1
0.02134 -0.25409 1
0.02393 -0.24761 1
0.02310 -0.21128 1
0.03144 -0.25754 1
0.04005 -0.29700 1
0.03822 -0.25884 1
0.04178 -0.26024 1
0.04847 -0.27944 1
0.05533 -0.29681 1
0.05831 -0.29232 1
0.05509 -0.25916 1
0.05795 -0.25675 1
0.06729 -0.28156 1
0.07432 -0.29459 1
0.07335 -0.27607 1
0.07130 -0.25536 1
0.07135 -0.24367 1
0.08165 -0.26640 1
0.08715 -0.27208 1
0.10885 -0.32571 1
0.09682 -0.27804 1
0.09950 -0.27455 1
0.11702 -0.31066 1
0.10990 -0.28100 1
0.11979 -0.29530 1
0.11201 -0.26645 1
0.12614 -0.28984 1
0.10982 -0.24390 1
0.12949 -0.27821 1
0.13973 -0.29059 1
0.14288 -0.28783 1
0.14319 -0.27958 1
0.12311 -0.23310 1
0.14429 -0.26508 1
0.14307 -0.25515 1
0.16117 -0.27915 1
0.17866 -0.30065 1
0.15072 -0.24654 1
0.18526 -0.29465 1
0.16922 -0.26178 1
0.16619 -0.25013 1
0.18361 -0.26896 1
0.16494 -0.23522 1
0.18160 -0.25217 1
0.19294 -0.26094 1
0.18078 -0.23817 1
0.22108 -0.28379 1
0.20372 -0.25483 1
0.19635 -0.23939 1
0.20705 -0.24605 1
0.21099 -0.24443 1
0.24171 -0.27302 1
0.20379 -0.22443 1
0.21528 -0.23118 1
0.24082 -0.25218 1
0.23346 -0.23840 1
0.22730 -0.22635 1
0.22266 -0.21623 1
0.26860 -0.25435 1
0.26344 -0.24327 1
0.23864 -0.21487 1
0.24254 -0.21292 1
0.24865 -0.21282 1
0.22103 -0.18442 1
0.25641 -0.20853 1
0.28789 -0.22818 1
0.30095 -0.23243 1
0.27331 -0.20565 1
0.29944 -0.21948 1
0.23701 -0.16918 1
0.31429 -0.21843 1
0.29715 -0.20104 1
0.24600 -0.16196 1
0.31079 -0.19907 1
0.24379 -0.15187 1
0.33612 -0.20356 1
0.30242 -0.17800 1
0.31592 -0.18064 1
0.25786 -0.14317 1
0.32188 -0.17346 1
0.30880 -0.16144 1
0.31240 -0.15835 1
0.33102 -0.16259 1
0.35111 -0.16702 1
0.30525 -0.14053 1
0.33903 -0.15095 1
0.31819 -0.13690 1
0.30857 -0.12819 1
0.30372 -0.12173 1
0.33740 -0.13033 1
0.33687 -0.12528 1
0.33447 -0.11963 1
0.32256 -0.11081 1
0.38142 -0.12570 1
0.32705 -0.10325 1
0.32241 -0.09734 1
0.35929 -0.10357 1
0.31342 -0.08609 1
0.40851 -0.10671 1
0.34130 -0.08459 1
0.38516 -0.09034 1
0.38362 -0.08491 1
0.36192 -0.07534 1
0.32890 -0.06417 1
0.32528 -0.05923 1
0.35138 -0.05943 1
0.36895 -0.05764 1
0.35412 -0.05078 1
0.34030 -0.04444 1
0.42079 -0.04958 1
0.39449 -0.04146 1
0.34115 -0.03153 1
0.36027 -0.02873 1
0.34378 -0.02308 1
0.38455 -0.02096 1
0.38032 -0.01594 1
0.38107 -0.01118 1
0.40234 -0.00674 1
0.38472 -0.00161 1
0.42570 0.00357 1
0.41515 0.00870 1
0.35618 0.01194 1
0.37453 0.01727 1
0.36256 0.02129 1
0.39524 0.02819 1
0.36699 0.03082 1
0.39789 0.03845 1
0.36530 0.03994 1
0.39818 0.04861 1
0.39182 0.05284 1
0.39399 0.05818 1
0.43119 0.06922 1
0.36376 0.06309 1
0.43475 0.08105 1
0.41429 0.08263 1
0.39748 0.08449 1
0.38793 0.08757 1
0.41361 0.09884 1
0.35916 0.09061 1
0.37437 0.09947 1
0.38426 0.10729 1
0.41445 0.12135 1
0.39051 0.11969 1
0.36678 0.11748 1
0.39045 0.13049 1
0.38041 0.13247 1
0.35032 0.12695 1
0.33750 0.12713 1
0.37754 0.14765 1
0.40836 0.16565 1
0.39270 0.16508 1
0.40706 0.17716 1
0.42424 0.19102 1
0.36760 0.17110 1
0.40368 0.19410 1
0.37524 0.18627 1
0.35057 0.17955 1
0.41101 0.21707 1
0.36643 0.19945 1
0.39342 0.22059 1
0.34682 0.20024 1
0.37605 0.22346 1
0.36008 0.22014 1
0.32795 0.20620 1
0.37565 0.24283 1
0.33236 0.22082 1
0.33188 0.22656 1
0.36283 0.25443 1
0.34501 0.24846 1
0.34592 0.25578 1
0.37518 0.28478 1
0.35756 0.27855 1
0.31731 0.25367 1
0.34983 0.28694 1
0.32137 0.27043 1
0.33408 0.28837 1
0.30788 0.27258 1
0.31293 0.28415 1
0.32006 0.29804 1
0.34372 0.32824 1
0.30980 0.30338 1
0.31171 0.31301 1
0.30156 0.31053 1
0.31116 0.32859 1
0.31270 0.33863 1
0.29842 0.33143 1
0.33070 0.37670 1
0.28692 0.33523 1
0.29366 0.35196 1
0.28096 0.34547 1
0.29799 0.37597 1
0.27037 0.35007 1
0.25379 0.33728 1
0.26358 0.35960 1
0.26304 0.36850 1
0.26641 0.38331 1
0.21453 0.31709 1
0.23112 0.35104 1
0.24029 0.37515 1
0.22109 0.35492 1
0.22216 0.36682 1
0.22527 0.38274 1
0.24573 0.42976 1
0.20502 0.36926 1
0.22903 0.42500 1
0.19987 0.38232 1
0.19168 0.37815 1
0.21607 0.43989 1
0.18451 0.38789 1
0.17842 0.38756 1
0.17729 0.39821 1
0.18449 0.42880 1
0.17789 0.42819 1
0.16512 0.41199 1
0.17935 0.46432 1
0.18086 0.48632 1
0.16386 0.45816 1
0.14208 0.41358 1
0.15040 0.45637 1
0.15237 0.48266 1
0.13600 0.45045 1
0.13117 0.45503 1
0.12173 0.44316 1
0.12730 0.48730 1
0.12048 0.48610 1
0.11272 0.48059 1
0.10946 0.49457 1
0.09860 0.47362 1
0.09557 0.48985 1
0.08802 0.48341 1
0.07666 0.45324 1
0.07100 0.45443 1
0.07295 0.50878 1
0.05848 0.44781 1
0.05494 0.46632 1
0.05372 0.51111 1
0.04833 0.52299 1
0.04219 0.52899 1
0.03189 0.47512 1
0.02577 0.47286 1
0.02119 0.50551 1
0.01517 0.51713 1
0.00798 0.47598 1
0.00207 0.49454 1
-0.00439 0.52451 1
-0.00989 0.47195 1
-0.01804 0.53810 1
-0.02462 0.53399 1
-0.02845 0.48455 1
-0.03830 0.53700 1
-0.04443 0.52911 1
-0.04815 0.49818 1
-0.05192 0.47481 1
-0.05665 0.46404 1
-0.07196 0.53364 1
-0.07242 0.49042 1
-0.08230 0.51268 1
-0.09583 0.55248 1
-0.10615 0.56942 1
-0.10094 0.50609 1
-0.09652 0.45410 1
-0.12000 0.53162 1
-0.11883 0.49725 1
-0.12610 0.49979 1
-0.14369 0.54080 1
-0.15097 0.54070 1
-0.14532 0.49632 1
-0.15142 0.49405 1
-0.16879 0.52697 1
-0.17198 0.51459 1
-0.18149 0.52118 1
-0.18190 0.50195 1
-0.20147 0.53487 1
-0.17343 0.44346 1
-0.19148 0.47202 1
-0.21014 0.49991 1
-0.21264 0.48857 1
-0.21024 0.46693 1
-0.22442 0.48215 1
-0.23006 0.47845 1
-0.25188 0.50740 1
-0.24264 0.47375 1
-0.26138 0.49492 1
-0.23789 0.43705 1
-0.25386 0.45275 1
-0.24595 0.42599 1
-0.28252 0.47544 1
-0.26805 0.43845 1
-0.29119 0.46312 1
-0.29939 0.46314 1
-0.29423 0.44285 1
-0.32019 0.46902 1
-0.30391 0.43338 1
-0.32107 0.44582 1
-0.30787 0.41637 1
-0.33395 0.43997 1
-0.33844 0.43444 1
-0.33420 0.41805 1
-0.34095 0.41568 1
-0.34037 0.40449 1
-0.33991 0.39379 1
-0.36383 0.41095 1
-0.35529 0.39129 1
-0.39330 0.42235 1
-0.38538 0.40356 1
-0.39123 0.39951 1
-0.36252 0.36100 1
-0.40071 0.38913 1
-0.42440 0.40189 1
-0.39680 0.36641 1
-0.40507 0.36472 1
-0.39231 0.34441 1
-0.44248 0.37872 1
-0.42379 0.35359 1
-0.45721 0.37183 1
-0.41259 0.32702 1
-0.43174 0.33345 1
-0.44251 0.33297 1
-0.45873 0.33623 1
-0.49966 0.35667 1
-0.47926 0.33310 1
-0.49829 0.33711 1
-0.49286 0.32449 1
-0.47529 0.30443 1
-0.51159 0.31869 1
-0.51687 0.31303 1
-0.47817 0.28144 1
-0.48887 0.27952 1
-0.48959 0.27183 1
-0.51584 0.27798 1
-0.50213 0.26251 1
-0.52011 0.26364 1
-0.55159 0.27094 1
-0.52046 0.24758 1
-0.57692 0.26560 1
-0.54248 0.24153 1
-0.52667 0.22660 1
-0.53039 0.22035 1
-0.54543 0.21860 1
-0.55952 0.21612 1
-0.52865 0.19660 1
-0.55461 0.19836 1
-0.55201 0.18964 1
-0.54185 0.17857 1
-0.58817 0.18567 1
-0.56280 0.16992 1
-0.56532 0.16296 1
-0.56924 0.15637 1
-0.54080 0.14127 1
-0.58912 0.14601 1
-0.59433 0.13940 1
-0.58267 0.12896 1
-0.55151 0.11481 1
-0.56543 0.11032 1
-0.60164 0.10955 1
-0.57118 0.09661 1
-0.62607 0.09782 1
-0.59021 0.08463 1
-0.64677 0.08446 1
-0.60915 0.07177 1
-0.57063 0.05998 1
-0.61344 0.05669 1
-0.60143 0.04797 1
-0.66283 0.04449 1
-0.60301 0.03287 1
-0.58220 0.02440 1
-0.61456 0.01803 1
-0.58850 0.00986 1
-0.58924 0.00247 1
-0.59512 -0.00499 1
-0.59616 -0.01249 1
-0.64210 -0.02152 1
-0.59137 -0.02727 1
-0.61716 -0.03623 1
-0.64329 -0.04589 1
-0.61326 -0.05150 1
-0.59948 -0.05793 1
-0.56458 -0.06173 1
-0.60318 -0.07363 1
-0.61488 -0.08292 1
-0.62681 -0.09256 1
-0.63775 -0.10238 1
-0.60579 -0.10507 1
-0.58470 -0.10900 1
-0.58634 -0.11695 1
-0.60257 -0.12808 1
-0.61527 -0.13888 1
-0.62716 -0.14987 1
-0.61618 -0.15546 1
-0.64448 -0.17124 1
-0.62028 -0.17319 1
-0.61066 -0.17880 1
-0.60073 -0.18412 1
-0.57620 -0.18455 1
-0.63709 -0.21292 1
-0.62028 -0.21600 1
-0.60079 -0.21772 1
-0.61512 -0.23170 1
-0.63039 -0.24654 1
-0.61896 -0.25108 1
-0.60016 -0.25228 1
-0.58202 -0.25331 1
-0.58498 -0.26339 1
-0.61754 -0.28744 1
-0.60577 -0.29128 1
-0.55626 -0.27613 1
-0.58443 -0.29933 1
-0.59323 -0.31331 1
-0.51356 -0.27954 1
-0.57666 -0.32334 1
-0.55099 -0.31811 1
-0.57804 -0.34349 1
-0.53741 -0.32855 1
-0.54275 -0.34126 1
-0.56183 -0.36318 1
-0.54769 -0.36389 1
-0.54965 -0.37523 1
-0.54521 -0.38233 1
-0.52109 -0.37527 1
-0.53405 -0.39489 1
-0.53132 -0.40329 1
-0.49104 -0.38254 1
-0.50543 -0.40405 1
-0.53751 -0.44089 1
-0.49309 -0.41492 1
-0.52428 -0.45255 1
-0.51893 -0.45943 1
-0.49332 -0.44795 1
-0.48833 -0.45473 1
-0.51039 -0.48740 1
-0.45236 -0.44298 1
-0.47365 -0.47564 1
-0.46456 -0.47838 1
-0.46085 -0.48665 1
-0.44081 -0.47737 1
-0.46283 -0.51403 1
-0.44031 -0.50154 1
-0.46352 -0.54156 1
-0.44384 -0.53196 1
-0.42329 -0.52048 1
-0.42256 -0.53314 1
-0.40121 -0.51948 1
-0.40597 -0.53952 1
-0.39400 -0.53754 1
-0.39688 -0.55599 1
-0.40886 -0.58827 1
-0.38408 -0.56771 1
-0.37241 -0.56564 1
-0.38486 -0.60086 1
-0.36207 -0.58124 1
-0.36438 -0.60167 1
-0.33005 -0.56076 1
-0.32911 -0.57559 1
-0.33504 -0.60344 1
-0.31975 -0.59334 1
-0.31921 -0.61058 1
-0.31266 -0.61683 1
-0.31162 -0.63442 1
-0.29840 -0.62731 1
-0.29290 -0.63622 1
-0.29665 -0.66628 1
-0.29579 -0.68748 1
-0.26565 -0.63944 1
-0.26293 -0.65605 1
-0.23290 -0.60296 1
-0.25658 -0.68992 1
-0.22035 -0.61610 1
-0.23568 -0.68602 1
-0.22102 -0.67067 1
-0.20337 -0.64421 1
-0.19488 -0.64547 1
-0.20339 -0.70559 1
-0.18368 -0.66866 1
-0.18239 -0.69819 1
-0.17670 -0.71296 1
-0.16683 -0.71129 1
-0.16320 -0.73735 1
-0.15283 -0.73412 1
-0.13459 -0.68982 1
-0.12673 -0.69595 1
-0.12886 -0.76184 1
-0.11422 -0.73109 1
-0.10410 -0.72602 1
-0.09204 -0.70480 1
-0.08260 -0.70105 1
-0.07453 -0.70907 1
-0.06813 -0.73723 1
-0.05920 -0.74227 1
-0.04851 -0.72269 1
-0.03974 -0.72906 1
-0.02905 -0.69308 1
-0.02149 -0.73278 1
-0.01236 -0.73752 1
-0.00300 -0.71552 1
0.00598 -0.71424 1
0.01542 -0.73616 1
0.02390 -0.71308 1
0.03547 -0.76927 1
0.04332 -0.73780 1
0.05517 -0.77345 1
0.06162 -0.73379 1
0.07208 -0.74584 1
0.07888 -0.72142 1
0.08764 -0.71794 1
0.09510 -0.70524 1
0.11413 -0.77287 1
0.12042 -0.75013 1
0.12391 -0.71440 1
0.13086 -0.70194 1
0.15127 -0.75843 1
0.14888 -0.70041 1
0.16410 -0.72699 1
0.18211 -0.76205 1
0.17654 -0.69975 1
0.19119 -0.71956 1
0.19998 -0.71623 1
0.21036 -0.71846 1
0.21663 -0.70681 1
0.23165 -0.72325 1
0.24324 -0.72782 1
0.24544 -0.70479 1
0.25865 -0.71373 1
0.27344 -0.72593 1
0.27703 -0.70836 1
0.28789 -0.70969 1
0.29806 -0.70906 1
0.29864 -0.68618 1
0.32005 -0.71082 1
0.30633 -0.65812 1
0.34150 -0.71023 1
0.34257 -0.69010 1
0.37496 -0.73211 1
0.34588 -0.65491 1
0.36227 -0.66555 1
0.37714 -0.67260 1
0.38718 -0.67062 1
0.38779 -0.65260 1
0.39645 -0.64848 1
0.42058 -0.66891 1
0.42238 -0.65340 1
0.42602 -0.64122 1
0.41367 -0.60597 1
0.43785 -0.62438 1
0.45100 -0.62625 1
0.45852 -0.62011 1
0.45805 -0.60346 1
0.49557 -0.63613 1
0.48011 -0.60057 1
0.49563 -0.60424 1
0.49749 -0.59121 1
0.50650 -0.58678 1
0.54340 -0.61377 1
0.52221 -0.57511 1
0.54281 -0.58290 1
0.53917 -0.56461 1
0.56077 -0.57264 1
0.54222 -0.53995 1
0.56363 -0.54734 1
0.56121 -0.53145 1
0.59634 -0.55067 1
0.60334 -0.54325 1
0.64289 -0.56439 1
0.59415 -0.50853 1
0.57183 -0.47711 1
0.60898 -0.49526 1
0.61371 -0.48642 1
0.61733 -0.47678 1
0.62249 -0.46840 1
0.62693 -0.45951 1
0.60225 -0.42990 1
0.67878 -0.47176 1
0.69642 -0.47116 1
0.66046 -0.43483 1
0.68224 -0.43698 1
0.66806 -0.41615 1
0.69661 -0.42188 1
0.68127 -0.40098 1
0.71922 -0.41124 1
0.75135 -0.41717 1
0.68573 -0.36954 1
0.70313 -0.36759 1
0.71007 -0.35993 1
0.73022 -0.35868 1
0.75113 -0.35731 1
0.73783 -0.33968 1
0.76814 -0.34200 1
0.72641 -0.31254 1
0.77968 -0.32391 1
0.75851 -0.30400 1
0.75276 -0.29077 1
0.73813 -0.27451 1
0.77631 -0.27765 1
0.73287 -0.25178 1
0.79029 -0.26044 1
0.77534 -0.24476 1
0.77631 -0.23438 1
0.82509 -0.23784 1
0.84191 -0.23127 1
0.75718 -0.19779 1
0.82249 -0.20385 1
0.77351 -0.18142 1
0.81164 -0.17964 1
0.82935 -0.17266 1
0.81153 -0.15833 1
0.83471 -0.15199 1
0.84354 -0.14267 1
0.83917 -0.13111 1
0.76957 -0.11035 1
0.84790 -0.11073 1
0.81670 -0.09623 1
0.81089 -0.08523 1
0.86463 -0.07991 1
0.84644 -0.06751 1
0.86484 -0.05805 1
0.85157 -0.04642 1
0.82783 -0.03470 1
0.82091 -0.02408 1
0.84888 -0.01422 1
0.85188 -0.00357 1
0.86235 0.00722 1
0.83932 0.01758 1
0.85568 0.02868 1
0.83097 0.03832 1
0.85236 0.05004 1
0.87513 0.06242 1
0.86302 0.07247 1
0.80549 0.07784 1
0.84258 0.09213 1
0.84249 0.10285 1
0.88484 0.11932 1
0.84026 0.12408 1
0.81143 0.13026 1
0.84130 0.14592 1
0.84022 0.15664 1
0.85066 0.16967 1
0.84392 0.17938 1
0.82107 0.18534 1
0.83467 0.19946 1
0.80413 0.20288 1
0.81926 0.21768 1
0.84350 0.23551 1
0.79993 0.23422 1
0.80576 0.24696 1
0.80730 0.25857 1
0.81204 0.27139 1
0.83619 0.29119 1
0.80762 0.29267 1
0.84654 0.31887 1
0.87405 0.34183 1
0.83267 0.33777 1
0.79992 0.33626 1
0.83021 0.36133 1
0.82382 0.37093 1
0.83049 0.38656 1
0.80120 0.38525 1
0.77333 0.38388 1
0.76820 0.39345 1
0.79197 0.41827 1
0.77721 0.42305 1
0.73538 0.41234 1
0.77541 0.44768 1
0.76333 0.45359 1
0.76742 0.46917 1
0.70795 0.44513 1
0.74385 0.48085 1
0.71591 0.47565 1
0.72946 0.49798 1
0.71274 0.49980 1
0.74590 0.53717 1
0.69460 0.51360 1
0.69578 0.52812 1
0.66511 0.51815 1
0.70041 0.55993 1
0.66338 0.54413 1
0.65850 0.55411 1
0.70667 0.60998 1
0.66483 0.58860 1
0.66302 0.60203 1
0.66542 0.61965 1
0.62906 0.60073 1
0.65616 0.64256 1
0.61004 0.61260 1
0.64612 0.66535 1
0.61920 0.65387 1
0.59608 0.64552 1
0.59718 0.66323 1
0.61831 0.70430 1
0.58274 0.68086 1
0.57642 0.69086 1
0.57954 0.71262 1
0.54668 0.68974 1
0.56922 0.73702 1
0.53242 0.70758 1
0.54267 0.74038 1
0.54937 0.76962 1
0.51704 0.74392 1
0.49276 0.72836 1
0.48820 0.74152 1
0.49491 0.77269 1
0.48030 0.77104 1
0.49601 0.81902 1
0.46202 0.78498 1
0.42242 0.73878 1
0.43643 0.78605 1
0.43548 0.80810 1
0.45541 0.87111 1
0.42964 0.84761 1
0.41744 0.84984 1
0.40142 0.84386 1
0.37845 0.82206 1
0.39153 0.87938 1
0.38611 0.89739 1
0.35629 0.85762 1
0.35017 0.87372 1
0.33467 0.86641 1
0.31738 0.85340 1
0.31783 0.88863 1
0.30033 0.87422 1
0.30230 0.91729 1
0.26841 0.85027 1
0.27971 0.92643 1
0.25957 0.90049 1
0.25801 0.93927 1
0.23318 0.89263 1
0.23361 0.94257 1
0.21894 0.93344 1
0.19996 0.90343 1
0.19280 0.92612 1
0.18086 0.92700 1
0.16890 0.92757 1
0.16080 0.95073 1
0.13986 0.89517 1
0.12617 0.87994 1
0.12543 0.96047 1
0.11380 0.96583 1
0.10046 0.95582 1
0.08500 0.91981 1
0.07819 0.98038 1
0.06482 0.96564 1
0.04991 0.91565 1
0.03945 0.94129 1
0.02732 0.93152 1
0.01655 0.98747 1
0.00395 0.94235 1
-0.00807 0.96380 1
-0.01940 0.92623 1
-0.03181 0.94878 1
-0.04482 0.97208 1
-0.05728 0.97572 1
-0.06813 0.95515 1
-0.07610 0.90627 1
-0.08955 0.92659 1
-0.10459 0.95650 1
-0.12179 0.99764 1
-0.12897 0.95640 1
-0.13916 0.94237 1
-0.15572 0.97001 1
-0.16788 0.96790 1
-0.17948 0.96278 1
-0.19273 0.96628 1
-0.21756 1.02353 1
-0.22016 0.97533 1
-0.22521 0.94241 1
-0.23731 0.94059 1
-0.25957 0.97692 1
-0.26746 0.95794 1
-0.28125 0.96056 1
-0.28192 0.91981 1
-0.29896 0.93339 1
-0.31717 0.94901 1
-0.32705 0.93915 1
-0.35995 0.99326 1
-0.35243 0.93563 1
-0.35231 0.90085 1
-0.37774 0.93119 1
-0.38978 0.92726 1
-0.39701 0.91218 1
-0.38600 0.85730 1
-0.41526 0.89215 1
-0.43320 0.90093 1
-0.42716 0.86051 1
-0.47077 0.91917 1
-0.45967 0.87037 1
-0.50976 0.93652 1
-0.48285 0.86114 1
-0.51226 0.88726 1
-0.02913 -0.05045 2
-0.01459 -0.02603 2
-0.03926 -0.07214 2
-0.04921 -0.09318 2
-0.02925 -0.05711 2
-0.02426 -0.04888 2
-0.03957 -0.08229 2
-0.00798 -0.01715 2
-0.04188 -0.09302 2
-0.03312 -0.07611 2
-0.02321 -0.05521 2
-0.05120 -0.12623 2
-0.03840 -0.09819 2
-0.02886 -0.07661 2
-0.03350 -0.09245 2
-0.03165 -0.09089 2
-0.02937 -0.08788 2
-0.02278 -0.07111 2
-0.02876 -0.09382 2
-0.01648 -0.05629 2
-0.03112 -0.11145 2
-0.02934 -0.11042 2
-0.03227 -0.12789 2
-0.02598 -0.10872 2
-0.01634 -0.07240 2
-0.01869 -0.08792 2
-0.02000 -0.10025 2
-0.01928 -0.10343 2
-0.01629 -0.09390 2
-0.01666 -0.10376 2
-0.02149 -0.14555 2
-0.01512 -0.11212 2
-0.01078 -0.08834 2
-0.01142 -0.10448 2
-0.01214 -0.12563 2
-0.00614 -0.07306 2
-0.00849 -0.11909 2
-0.00761 -0.12961 2
-0.00544 -0.11805 2
-0.00367 -0.10933 2
-0.00250 -0.11913 2
-0.00098 -0.11704 2
0.00051 -0.12098 2
0.00204 -0.12149 2
0.00087 -0.02954 2
0.00500 -0.11936 2
0.00663 -0.12156 2
0.00949 -0.14138 2
0.01204 -0.15100 2
0.01349 -0.14599 2
0.01324 -0.12596 2
0.02033 -0.17251 2
0.01515 -0.11605 2
0.01797 -0.12534 2
0.02128 -0.13622 2
0.01820 -0.10760 2
0.02757 -0.15141 2
0.02153 -0.11037 2
0.02822 -0.13556 2
0.02835 -0.12808 2
0.02821 -0.12027 2
0.03205 -0.12932 2
0.04081 -0.15622 2
0.01994 -0.07260 2
0.03605 -0.12506 2
0.04027 -0.13337 2
0.03530 -0.11182 2
0.05436 -0.16493 2
0.04823 -0.14039 2
0.04569 -0.12776 2
0.05325 -0.14318 2
0.04036 -0.10449 2
0.05782 -0.14427 2
0.06023 -0.14497 2
0.06213 -0.14440 2
0.05205 -0.11691 2
0.07295 -0.15845 2
0.04053 -0.08519 2
0.05329 -0.10850 2
0.06472 -0.12768 2
0.05041 -0.09642 2
0.05512 -0.10229 2
0.06081 -0.10952 2
0.07215 -0.12619 2
0.08592 -0.14597 2
0.05152 -0.08508 2
0.07326 -0.11761 2
0.06001 -0.09369 2
0.11280 -0.17132 2
0.08290 -0.12253 2
0.08856 -0.12743 2
0.09332 -0.13073 2
0.11611 -0.15841 2
0.10166 -0.13510 2
0.08350 -0.10811 2
0.08158 -0.10293 2
0.08453 -0.10394 2
0.11388 -0.13649 2
0.11584 -0.13534 2
0.09798 -0.11161 2
0.10803 -0.11998 2
0.09814 -0.10628 2
0.13845 -0.14620 2
0.11462 -0.11803 2
0.13062 -0.13116 2
0.12514 -0.12255 2
0.12456 -0.11895 2
0.13382 -0.12461 2
0.12861 -0.11678 2
0.12874 -0.11398 2
0.12050 -0.10401 2
0.16966 -0.14276 2
0.13994 -0.11478 2
0.12470 -0.09969 2
0.13641 -0.10627 2
0.09084 -0.06895 2
0.12503 -0.09245 2
0.13014 -0.09372 2
0.16134 -0.11314 2
0.20852 -0.14235 2
0.13241 -0.08797 2
0.12275 -0.07935 2
0.17156 -0.10787 2
0.08900 -0.05441 2
0.17266 -0.10260 2
0.20473 -0.11820 2
0.17915 -0.10045 2
0.15776 -0.08587 2
0.15705 -0.08294 2
0.17231 -0.08825 2
0.16422 -0.08152 2
0.18685 -0.08985 2
0.19184 -0.08930 2
0.17823 -0.08025 2
0.16051 -0.06986 2
0.15952 -0.06706 2
0.19549 -0.07930 2
0.18417 -0.07203 2
0.14738 -0.05552 2
0.20993 -0.07608 2
0.13566 -0.04724 2
0.18009 -0.06019 2
0.22301 -0.07143 2
0.20387 -0.06249 2
0.23688 -0.06936 2
0.18883 -0.05272 2
0.19734 -0.05243 2
0.16565 -0.04179 2
0.21730 -0.05193 2
0.21626 -0.04882 2
0.18868 -0.04010 2
0.20746 -0.04138 2
0.17559 -0.03273 2
0.17495 -0.03034 2
0.21459 -0.03445 2
0.22377 -0.03304 2
0.18210 -0.02456 2
0.22640 -0.02764 2
0.26732 -0.02923 2
0.21529 -0.02081 2
0.19153 -0.01608 2
0.21621 -0.01542 2
0.21538 -0.01264 2
0.21105 -0.00973 2
0.24337 -0.00816 2
0.23703 -0.00497 2
0.28870 -0.00242 2
0.23080 0.00097 2
0.24659 0.00413 2
0.20892 0.00613 2
0.20157 0.00845 2
0.24279 0.01323 2
0.28059 0.01883 2
0.17883 0.01426 2
0.20762 0.01919 2
0.28738 0.03020 2
0.28264 0.03330 2
0.24106 0.03148 2
0.25532 0.03661 2
0.22334 0.03489 2
0.24079 0.04073 2
0.29651 0.05399 2
0.26319 0.05135 2
0.23393 0.04870 2
0.23472 0.05195 2
0.26428 0.06199 2
0.21179 0.05249 2
0.22971 0.06001 2
0.25092 0.06893 2
0.25396 0.07321 2
0.23598 0.07125 2
0.29450 0.09297 2
0.26277 0.08660 2
0.23961 0.08232 2
0.19744 0.07061 2
0.25176 0.09363 2
0.22018 0.08505 2
0.26771 0.10729 2
0.27910 0.11595 2
0.25008 0.10760 2
0.24807 0.11045 2
0.21223 0.09770 2
0.26093 0.12412 2
0.18940 0.09303 2
0.22765 0.11539 2
0.25583 0.13374 2
0.25980 0.14001 2
0.25556 0.14189 2
0.20666 0.11816 2
0.18063 0.10631 2
0.25895 0.15682 2
0.21331 0.13288 2
0.19080 0.12221 2
0.23801 0.15670 2
0.22380 0.15141 2
0.21613 0.15022 2
0.20109 0.14355 2
0.22212 0.16281 2
0.23464 0.17656 2
0.24582 0.18986 2
0.23522 0.18643 2
0.23538 0.19142 2
0.24175 0.20171 2
0.21434 0.18346 2
0.20550 0.18041 2
0.20496 0.18455 2
0.20726 0.19139 2
0.19802 0.18752 2
0.20704 0.20106 2
0.17548 0.17474 2
0.17039 0.17399 2
0.24243 0.25387 2
0.21832 0.23445 2
0.22365 0.24630 2
0.18938 0.21390 2
0.17879 0.20713 2
0.18572 0.22071 2
0.16889 0.20590 2
0.19205 0.24023 2
0.18755 0.24074 2
0.15312 0.20172 2
0.16644 0.22510 2
0.17890 0.24841 2
0.18007 0.25679 2
0.17047 0.24971 2
0.18309 0.27558 2
0.14458 0.22365 2
0.16329 0.25971 2
0.15388 0.25171 2
0.17435 0.29340 2
0.15949 0.27624 2
0.15324 0.27330 2
0.15376 0.28248 2
0.14060 0.26623 2
0.14415 0.28144 2
0.11617 0.23403 2
0.12474 0.25943 2
0.12417 0.26677 2
0.13539 0.30070 2
0.12194 0.28018 2
0.10955 0.26061 2
0.10546 0.25998 2
0.10948 0.27994 2
0.11620 0.30848 2
0.11259 0.31069 2
0.11292 0.32427 2
0.10620 0.31776 2
0.10212 0.31882 2
0.09403 0.30680 2
0.09663 0.33002 2
0.09947 0.35626 2
0.07848 0.29538 2
0.08211 0.32547 2
0.07326 0.30658 2
0.07475 0.33115 2
0.06727 0.31650 2
0.06075 0.30456 2
0.06656 0.35701 2
0.06115 0.35256 2
0.05634 0.35096 2
0.05701 0.38606 2
0.04471 0.33154 2
0.04416 0.36176 2
0.03843 0.35142 2
0.02921 0.30221 2
0.02836 0.33769 2
0.02788 0.39089 2
0.01935 0.32953 2
0.01627 0.35286 2
0.01248 0.37243 2
0.00658 0.31411 2
0.00296 0.35354 2
-0.00135 0.32339 2
-0.00615 0.36726 2
-0.01021 0.34819 2
-0.01440 0.34365 2
-0.01954 0.35853 2
-0.02347 0.34964 2
-0.02834 0.35536 2
-0.03348 0.36228 2
-0.03936 0.37452 2
-0.04607 0.39097 2
-0.04634 0.35489 2
-0.04811 0.33551 2
-0.05665 0.36260 2
-0.05346 0.31608 2
-0.06650 0.36523 2
-0.06879 0.35258 2
-0.06626 0.31826 2
-0.08113 0.36657 2
-0.08901 0.37949 2
-0.09191 0.37082 2
-0.09205 0.35239 2
-0.09327 0.33953 2
-0.10073 0.34945 2
-0.10910 0.36136 2
-0.10064 0.31882 2
-0.13234 0.40156 2
-0.11667 0.33961 2
-0.12423 0.34735 2
-0.11795 0.31715 2
-0.13976 0.36181 2
-0.14118 0.35226 2
-0.15048 0.36221 2
-0.15485 0.35991 2
-0.16861 0.37871 2
-0.17570 0.38164 2
-0.16734 0.35178 2
-0.15758 0.32082 2
-0.18562 0.36619 2
-0.19334 0.36983 2
-0.21512 0.39918 2
-0.19415 0.34968 2
-0.18586 0.32506 2
-0.20312 0.34510 2
-0.20550 0.33931 2
-0.21282 0.34165 2
-0.20561 0.32102 2
-0.19871 0.30182 2
-0.19735 0.29170 2
-0.22890 0.32935 2
-0.21319 0.29867 2
-0.23451 0.31995 2
-0.24458 0.32504 2
-0.22393 0.28994 2
-0.21098 0.26619 2
-0.24227 0.29790 2
-0.24269 0.29087 2
-0.24864 0.29051 2
-0.24488 0.27894 2
-0.28136 0.31249 2
-0.26172 0.28342 2
-0.25947 0.27400 2
-0.28360 0.29204 2
-0.27705 0.27821 2
-0.27077 0.26516 2
-0.26626 0.25427 2
-0.30659 0.28550 2
-0.28471 0.25852 2
-0.32484 0.28760 2
-0.30966 0.26729 2
-0.33133 0.27881 2
-0.29287 0.24023 2
-0.34065 0.27232 2
-0.32009 0.24936 2
-0.31915 0.24225 2
-0.33998 0.25139 2
-0.33104 0.23840 2
-0.36725 0.25754 2
-0.36178 0.24697 2
-0.34566 0.22966 2
-0.37265 0.24089 2
-0.39352 0.24743 2
-0.37915 0.23180 2
-0.37266 0.22145 2
-0.36938 0.21326 2
-0.37435 0.20990 2
-0.36837 0.20051 2
-0.36764 0.19416 2
-0.43680 0.22371 2
-0.34629 0.17190 2
-0.40163 0.19312 2
-0.35822 0.16673 2
-0.38148 0.17177 2
-0.36594 0.15927 2
-0.39619 0.16654 2
-0.37669 0.15281 2
-0.40501 0.15840 2
-0.39255 0.14786 2
-0.39727 0.14396 2
-0.40589 0.14134 2
-0.45062 0.15060 2
-0.42614 0.13649 2
-0.39660 0.12156 2
-0.41319 0.12098 2
-0.42541 0.11878 2
-0.43557 0.11573 2
-0.43250 0.10912 2
-0.40980 0.09793 2
-0.45768 0.10331 2
-0.40857 0.08684 2
-0.46888 0.09352 2
-0.45864 0.08550 2
-0.43672 0.07575 2
-0.42569 0.06834 2
-0.43992 0.06496 2
-0.41535 0.05601 2
-0.45544 0.05560 2
-0.46348 0.05068 2
-0.45339 0.04382 2
-0.39977 0.03357 2
-0.41654 0.02971 2
-0.44718 0.02625 2
-0.40873 0.01885 2
-0.45717 0.01533 2
-0.48543 0.01017 2
-0.47476 0.00398 2
-0.49794 -0.00209 2
-0.44825 -0.00751 2
-0.45569 -0.01337 2
-0.47680 -0.01998 2
-0.48354 -0.02636 2
-0.49523 -0.03324 2
-0.47527 -0.03791 2
-0.45352 -0.04191 2
-0.50215 -0.05278 2
-0.43679 -0.05147 2
-0.45576 -0.05952 2
-0.46290 -0.06637 2
-0.49145 -0.07678 2
-0.42150 -0.07129 2
-0.51432 -0.09365 2
-0.45667 -0.08910 2
-0.46564 -0.09694 2
-0.47271 -0.10462 2
-0.44727 -0.10491 2
-0.48473 -0.12014 2
-0.48593 -0.12694 2
-0.49200 -0.13515 2
-0.43591 -0.12565 2
-0.43755 -0.13211 2
-0.42295 -0.13352 2
-0.47753 -0.15737 2
-0.47435 -0.16296 2
-0.44262 -0.15831 2
-0.41889 -0.15578 2
-0.46181 -0.17838 2
-0.45053 -0.18056 2
-0.45383 -0.18854 2
-0.47862 -0.20593 2
-0.48303 -0.21506 2
-0.45556 -0.20973 2
-0.41338 -0.19664 2
-0.42636 -0.20943 2
-0.40881 -0.20722 2
-0.38629 -0.20195 2
-0.42832 -0.23082 2
-0.40962 -0.22743 2
-0.45370 -0.25942 2
-0.40291 -0.23714 2
-0.40464 -0.24506 2
-0.41404 -0.25792 2
-0.43481 -0.27850 2
-0.41468 -0.27302 2
-0.39069 -0.26432 2
-0.43618 -0.30316 2
-0.45137 -0.32220 2
-0.38522 -0.28235 2
-0.41297 -0.31074 2
-0.42209 -0.32600 2
-0.42268 -0.33501 2
-0.39368 -0.32016 2
-0.41951 -0.35002 2
-0.37448 -0.32052 2
-0.39257 -0.34464 2
-0.36651 -0.33001 2
-0.40151 -0.37076 2
-0.40920 -0.38750 2
-0.37146 -0.36073 2
-0.33578 -0.33437 2
-0.38656 -0.39475 2
-0.36463 -0.38183 2
-0.36524 -0.39222 2
-0.35158 -0.38719 2
-0.35748 -0.40378 2
-0.36043 -0.41756 2
-0.32668 -0.38822 2
-0.33939 -0.41377 2
-0.33639 -0.42079 2
-0.29561 -0.37946 2
-0.32649 -0.43013 2
-0.31741 -0.42927 2
-0.29795 -0.41373 2
-0.30645 -0.43701 2
-0.30577 -0.44791 2
-0.27496 -0.41386 2
-0.29347 -0.45399 2
-0.27899 -0.44371 2
-0.28590 -0.46765 2
-0.28460 -0.47893 2
-0.24920 -0.43163 2
-0.27142 -0.48406 2
-0.24765 -0.45499 2
-0.26156 -0.49526 2
-0.26409 -0.51563 2
-0.25387 -0.51142 2
-0.23198 -0.48245 2
-0.22177 -0.47645 2
-0.23270 -0.51683 2
-0.23028 -0.52910 2
-0.21599 -0.51382 2
-0.21331 -0.52585 2
-0.19214 -0.49131 2
-0.18789 -0.49882 2
-0.17848 -0.49251 2
-0.18282 -0.52499 2
-0.17847 -0.53402 2
-0.16721 -0.52204 2
-0.17210 -0.56150 2
-0.16701 -0.57039 2
-0.15800 -0.56589 2
-0.13877 -0.52225 2
-0.13653 -0.54114 2
-0.12957 -0.54222 2
-0.12468 -0.55234 2
-0.11088 -0.52166 2
-0.11196 -0.56134 2
-0.09571 -0.51340 2
-0.09175 -0.52899 2
-0.08042 -0.50096 2
-0.08264 -0.55964 2
-0.07825 -0.58025 2
-0.06873 -0.56297 2
-0.06628 -0.60619 2
-0.05590 -0.57843 2
-0.04742 -0.56468 2
-0.03988 -0.55910 2
-0.03496 -0.59539 2
-0.02640 -0.57252 2
-0.01771 -0.52835 2
-0.01156 -0.55164 2
-0.00462 -0.55146 2
0.00252 -0.60059 2
0.01020 -0.60862 2
0.01790 -0.61017 2
0.02436 -0.58130 2
0.03177 -0.58290 2
0.03733 -0.55612 2
0.04490 -0.56298 2
0.05285 -0.57183 2
0.05958 -0.56683 2
0.07122 -0.60447 2
0.07493 -0.57379 2
0.08580 -0.59834 2
0.09136 -0.58477 2
0.09859 -0.58291 2
0.10125 -0.55607 2
0.11273 -0.57780 2
0.12181 -0.58512 2
0.13117 -0.59263 2
0.11895 -0.50714 2
0.14714 -0.59367 2
0.15724 -0.60195 2
0.14778 -0.53799 2
0.16827 -0.58376 2
0.17304 -0.57313 2
0.18681 -0.59177 2
0.19782 -0.60028 2
0.20354 -0.59248 2
0.19848 -0.55493 2
0.22046 -0.59280 2
0.21479 -0.55606 2
0.21464 -0.53556 2
0.23836 -0.57374 2
0.26273 -0.61065 2
0.26007 -0.58413 2
0.25705 -0.55835 2
0.26666 -0.56058 2
0.26241 -0.53423 2
0.27283 -0.53824 2
0.27988 -0.53536 2
0.29826 -0.55346 2
0.30578 -0.55073 2
0.31005 -0.54225 2
0.30289 -0.51462 2
0.33564 -0.55420 2
0.32435 -0.52069 2
0.33407 -0.52156 2
0.34293 -0.52088 2
0.32780 -0.48452 2
0.36045 -0.51862 2
0.36654 -0.51349 2
0.39470 -0.53850 2
0.38299 -0.50898 2
0.39153 -0.50695 2
0.40788 -0.51462 2
0.37800 -0.46479 2
0.39327 -0.47135 2
0.40528 -0.47351 2
0.41448 -0.47213 2
0.42731 -0.47458 2
0.41804 -0.45271 2
0.40301 -0.42558 2
0.46865 -0.48260 2
0.44772 -0.44960 2
0.44933 -0.44002 2
0.46431 -0.44339 2
0.46748 -0.43532 2
0.49071 -0.44557 2
0.49861 -0.44144 2
0.48845 -0.42162 2
0.51694 -0.43500 2
0.51538 -0.42274 2
0.52027 -0.41592 2
0.50853 -0.39617 2
0.53500 -0.40609 2
0.52852 -0.39080 2
0.51619 -0.37174 2
0.54194 -0.38004 2
0.53260 -0.36359 2
0.49636 -0.32978 2
0.55267 -0.35726 2
0.58100 -0.36531 2
0.56082 -0.34286 2
0.54936 -0.32645 2
0.54240 -0.31316 2
0.60471 -0.33907 2
0.60701 -0.33040 2
0.56916 -0.30059 2
0.56038 -0.28701 2
0.57774 -0.28679 2
0.55421 -0.26648 2
0.61036 -0.28410 2
0.62086 -0.27955 2
0.61242 -0.26654 2
0.61999 -0.26062 2
0.61752 -0.25050 2
0.60864 -0.23803 2
0.59801 -0.22525 2
0.60081 -0.21773 2
0.63216 -0.22014 2
0.63593 -0.21253 2
0.64372 -0.20618 2
0.64960 -0.19910 2
0.61164 -0.17909 2
0.66107 -0.18457 2
0.63392 -0.16844 2
0.66545 -0.16789 2
0.69958 -0.16718 2
0.65514 -0.14788 2
0.63206 -0.13435 2
0.65056 -0.12976 2
0.66072 -0.12317 2
0.66042 -0.11455 2
0.65014 -0.10437 2
0.64568 -0.09535 2
0.65759 -0.08868 2
0.71710 -0.08754 2
0.67597 -0.07391 2
0.64403 -0.06224 2
0.69488 -0.05835 2
0.69111 -0.04930 2
0.70877 -0.04161 2
0.68373 -0.03153 2
0.68518 -0.02297 2
0.70236 -0.01471 2
0.68660 -0.00575 2
0.70091 0.00294 2
0.68790 0.01153 2
0.66332 0.01946 2
0.70401 0.02951 2
0.68995 0.03761 2
0.68766 0.04616 2
0.71833 0.05729 2
0.67242 0.06214 2
0.69086 0.07261 2
0.73877 0.08705 2
0.66340 0.08663 2
0.69533 0.09970 2
0.69325 0.10831 2
0.70188 0.11871 2
0.67310 0.12257 2
0.70358 0.13727 2
0.76163 0.15856 2
0.73249 0.16212 2
0.68764 0.16129 2
0.66102 0.16383 2
0.67968 0.17755 2
0.71444 0.19625 2
0.67067 0.19332 2
0.70448 0.21270 2
0.67822 0.21410 2
0.65607 0.21621 2
0.68450 0.23516 2
0.68720 0.24578 2
0.63106 0.23469 2
0.68042 0.26283 2
0.64343 0.25787 2
0.70465 0.29274 2
0.65683 0.28260 2
0.66496 0.29606 2
0.65497 0.30153 2
0.64067 0.30476 2
0.66203 0.32519 2
0.64788 0.32840 2
0.69807 0.36494 2
0.59677 0.32160 2
0.65048 0.36116 2
0.62241 0.35588 2
0.63543 0.37400 2
0.60366 0.36559 2
0.60698 0.37810 2
0.65003 0.41635 2
0.59998 0.39502 2
0.61709 0.41749 2
0.58209 0.40457 2
0.60944 0.43503 2
0.60558 0.44386 2
0.58666 0.44144 2
0.60268 0.46547 2
0.57186 0.45325 2
0.56122 0.45642 2
0.57921 0.48326 2
0.56205 0.48105 2
0.56043 0.49201 2
0.56675 0.51030 2
0.54532 0.50356 2
0.53930 0.51071 2
0.49810 0.48371 2
0.53180 0.52958 2
0.51041 0.52122 2
0.55759 0.58389 2
0.51350 0.55143 2
0.53698 0.59138 2
0.48255 0.54504 2
0.49029 0.56801 2
0.51727 0.61472 2
0.47995 0.58514 2
0.48908 0.61178 2
0.48108 0.61753 2
0.45157 0.59492 2
0.48086 0.65032 2
0.44792 0.62197 2
0.40959 0.58409 2
0.41582 0.60911 2
0.42932 0.64617 2
0.40856 0.63202 2
0.38750 0.61629 2
0.40922 0.66937 2
0.38610 0.64975 2
0.39214 0.67921 2
0.37586 0.67033 2
0.36091 0.66306 2
0.34592 0.65498 2
0.35860 0.70016 2
0.32983 0.66443 2
0.33354 0.69366 2
0.34328 0.73751 2
0.31383 0.69699 2
0.30598 0.70302 2
0.30331 0.72154 2
0.30056 0.74092 2
0.28540 0.72976 2
0.28085 0.74560 2
0.26655 0.73554 2
0.27000 0.77534 2
0.24790 0.74176 2
0.23406 0.73077 2
0.22551 0.73576 2
0.21526 0.73519 2
0.20384 0.73008 2
0.20545 0.77321 2
0.19542 0.77458 2
0.17218 0.72050 2
0.17170 0.76066 2
0.16238 0.76395 2
0.15298 0.76699 2
0.14740 0.79069 2
0.13903 0.80155 2
0.12540 0.78116 2
0.11736 0.79474 2
0.10430 0.77348 2
0.09596 0.78609 2
0.08943 0.81788 2
0.07396 0.76529 2
0.06491 0.77297 2
0.05576 0.78169 2
0.04834 0.82330 2
0.03656 0.79288 2
0.02677 0.79842 2
0.01732 0.82675 2
0.00676 0.80710 2
-0.00338 0.80739 2
-0.01362 0.81296 2
-0.02340 0.79782 2
-0.03082 0.73536 2
-0.04391 0.80559 2
-0.05382 0.80181 2
-0.06621 0.83016 2
-0.07422 0.80316 2
-0.08260 0.78592 2
-0.09257 0.78567 2
-0.10519 0.80552 2
-0.12192 0.85024 2
-0.13029 0.83394 2
-0.13498 0.79806 2
-0.15501 0.85125 2
-0.15514 0.79514 2
-0.17455 0.83846 2
-0.16836 0.76066 2
-0.19268 0.82148 2
-0.19353 0.78086 2
-0.20260 0.77558 2
-0.21654 0.78828 2
-0.23239 0.80619 2
-0.24383 0.80759 2
-0.25673 0.81327 2
-0.26643 0.80843 2
-0.26785 0.77965 2
-0.27988 0.78252 2
-0.29259 0.78676 2
-0.30767 0.79651 2
-0.31484 0.78556 2
-0.32468 0.78154 2
-0.32020 0.74421 2
-0.34728 0.78001 2
-0.34378 0.74674 2
-0.35971 0.75618 2
-0.38639 0.78663 2
-0.38318 0.75595 2
-0.37155 0.71072 2
-0.41317 0.76670 2
-0.42436 0.76430 2
-0.41701 0.72933 2
-0.42555 0.72302 2
-0.42533 0.70230 2
-0.43936 0.70531 2
-0.45213 0.70590 2
-0.45726 0.69453 2
-0.46260 0.68377 2
-0.48118 0.69233 2
-0.47761 0.66910 2
-0.50893 0.69435 2
-0.50393 0.66971 2
-0.51707 0.66950 2
-0.54736 0.69060 2
-0.54605 0.67144 2
-0.57768 0.69237 2
-0.57795 0.67526 2
-0.56683 0.64567 2
-0.58462 0.64928 2
-0.57568 0.62342 2
-0.61928 0.65396 2
-0.57299 0.59005 2
-0.62321 0.62583 2
-0.65331 0.63977 2
-0.63470 0.60611 2
-0.60516 0.56353 2
-0.65056 0.59072 2
-0.62851 0.55645 2
-0.64540 0.55710 2
-0.66369 0.55848 2
-0.66843 0.54828 2
-0.66612 0.53252 2
-0.69874 0.54435 2
-0.72580 0.55091 2
-0.73054 0.54018 2
-0.71911 0.51788 2
-0.67351 0.47230 2
-0.75803 0.51748 2
-0.69858 0.46413 2
-0.73232 0.47340 2
-0.76161 0.47887 2
-0.77049 0.47105 2
-0.76750 0.45607 2
-0.76026 0.43894 2
-0.77923 0.43693 2
-0.76220 0.41487 2
-0.74670 0.39435 2
-0.78028 0.39963 2
-0.78113 0.38776 2
-0.77011 0.37030 2
-0.79026 0.36783 2
-0.78843 0.35500 2
-0.83221 0.36220 2
-0.83342 0.35034 2
-0.85863 0.34830 2
-0.83423 0.32626 2
-0.87348 0.32902 2
-0.81860 0.29665 2
-0.85456 0.29759 2
-0.86030 0.28752 2
-0.84398 0.27032 2
-0.83035 0.25450 2
-0.83492 0.24446 2
-0.88430 0.24690 2
-0.89304 0.23729 2
-0.92294 0.23285 2
-0.87222 0.20844 2
-0.85820 0.19372 2
-0.87639 0.18628 2
-0.91128 0.18176 2
-0.87298 0.16274 2
-0.92055 0.15967 2
-0.88707 0.14240 2
-0.89546 0.13223 2
-0.88812 0.11976 2
-0.96034 0.11724 2
-0.92713 0.10137 2
-0.88352 0.08538 2
-0.91957 0.07722 2
-0.93977 0.06703 2
-0.96568 0.05670 2
-0.90560 0.04176 2
-0.92600 0.03104 2
-0.91403 0.01915 2
-0.89669 0.00751 2
-0.94996 -0.00398 2
-0.92211 -0.01545 2
-0.87542 -0.02568 2
-0.87527 -0.03668 2
-0.93138 -0.05077 2
-0.94396 -0.06336 2
-0.92185 -0.07352 2
-0.92716 -0.08568 2
-0.86399 -0.09081 2
-0.94672 -0.11155 2
-0.91843 -0.11993 2
-0.91194 -0.13076 2
-0.90838 -0.14192 2
-0.88759 -0.15012 2
-0.90334 -0.16449 2
-0.90414 -0.17640 2
-0.91536 -0.19056 2
-0.90840 -0.20106 2
-0.96779 -0.22699 2
-0.96962 -0.24032 2
-0.92318 -0.24116 2
-0.92432 -0.25391 2
-0.91876 -0.26484 2
-0.85259 -0.25741 2
-0.94750 -0.29911 2
-0.89133 -0.29374 2
-0.92082 -0.31635 2
-0.86634 -0.30985 2
-0.87261 -0.32452 2
-0.83356 -0.32198 2
-0.92269 -0.36980 2
-0.89542 -0.37200 2
-0.87848 -0.37797 2
-0.87813 -0.39097 2
-0.85673 -0.39441 2
-0.88776 -0.42230 2
-0.85703 -0.42097 2
-0.79931 -0.40516 2
-0.84583 -0.44219 2
-0.82526 -0.44473 2
-0.85187 -0.47298 2
-0.83398 -0.47685 2
-0.78300 -0.46085 2
-0.81736 -0.49501 2
-0.81645 -0.50859 2
-0.81534 -0.52223 2
-0.80870 -0.53243 2
-0.78007 -0.52775 2
-0.80406 -0.55884 2
-0.78338 -0.55919 2
-0.76020 -0.55720 2
-0.75875 -0.57093 2
-0.77699 -0.60010 2
-0.79130 -0.62718 2
-0.76857 -0.62504 2
-0.77506 -0.64667 2
-0.75557 -0.64668 2
-0.70882 -0.62228 2
-0.74350 -0.66945 2
-0.72045 -0.66528 2
-0.70497 -0.66759 2
-0.67151 -0.65211 2
-0.70762 -0.70467 2
-0.68137 -0.69580 2
-0.67402 -0.70581 2
-0.67474 -0.72458 2
-0.66534 -0.73273 2
-0.65600 -0.74095 2
-0.64552 -0.74785 2
-0.63427 -0.75376 2
-0.63205 -0.77057 2
-0.60635 -0.75847 2
-0.61353 -0.78755 2
-0.59141 -0.77915 2
-0.57638 -0.77950 2
-0.57066 -0.79241 2
-0.57837 -0.82477 2
-0.56835 -0.83254 2
-0.54654 -0.82261 2
-0.53051 -0.82068 2
-0.55060 -0.87569 2
-0.53834 -0.88057 2
-0.51815 -0.87197 2
-0.52570 -0.91054 2
